Time,I,Q
0,-0.00027577352011576294899,0.00045984302414581179619
3.0000000000000003936e-08,0.00051864713896065950394,-0.00041602493729442358017
6.0000000000000007873e-08,0.00086867279605939984322,-0.00093264179304242134094
9.0000000000000011809e-08,0.00091194483684375882149,-0.0010438341414555907249
1.2000000000000001575e-07,0.00091640069149434566498,-0.0010519068455323576927
1.5000000000000001968e-07,0.00089212402235716581345,-0.0010327554773539304733
1.8000000000000002362e-07,0.00065556017216295003891,-0.0008260525064542889595
2.1000000000000002755e-07,9.2107802629470825195e-07,-0.00015042244922369718552
2.4000000000000003149e-07,-0.00062284333398565649986,0.00060149858472868800163
2.700000000000000619e-07,-0.00088199746096506714821,0.00097298523178324103355
3.000000000000000923e-07,-0.00092881493037566542625,0.0010541982483118772507
3.3000000000000012271e-07,-0.00092028692597523331642,0.001052304520271718502
3.6000000000000015312e-07,-0.00083902070764452219009,0.00098520051687955856323
3.9000000000000018352e-07,-0.00046532464330084621906,0.00063678901642560958862
4.2000000000000021393e-07,0.00021743208344560116529,-8.2673534052446484566e-05
4.5000000000000024433e-07,0.00075576576637104153633,-0.00076358549995347857475
4.8000000000000027474e-07,0.0009058409486897289753,-0.001025080215185880661
5.1000000000000030515e-07,0.00092061678878962993622,-0.0010495347669348120689
5.4000000000000033555e-07,0.00092013797257095575333,-0.0010567430872470140457
5.7000000000000036596e-07,0.00091330124996602535248,-0.0010542571544647216797
6.0000000000000039637e-07,0.0009143563220277428627,-0.0010561310919001698494
6.3000000000000042677e-07,0.00090715725673362612724,-0.0010493838926777243614
6.6000000000000045718e-07,0.00084620952839031815529,-0.001013916567899286747
6.9000000000000048758e-07,0.00053816812578588724136,-0.00071517028845846652985
7.2000000000000051799e-07,-0.00023560586851090192795,9.4875635113567113876e-05
7.500000000000005484e-07,-0.00079037481918931007385,0.00079458294203504920006
7.800000000000005788e-07,-0.00069023447576910257339,0.00083396909758448600769
8.1000000000000060921e-07,-2.3856700863689184189e-05,0.00019015028374269604683
8.4000000000000063961e-07,0.00062955782050266861916,-0.0005946941673755645752
8.7000000000000067002e-07,0.00075769529212266206741,-0.00085677247261628508568
9.0000000000000070043e-07,0.00028185985866002738476,-0.00043550893315114080906
9.3000000000000073083e-07,-0.00042721789213828742504,0.00034293322823941707611
9.6000000000000076124e-07,-0.00075696763815358281136,0.00081768759991973638535
9.9000000000000068577e-07,-0.00048455724027007818222,0.00062760018045082688332
1.0200000000000006103e-06,0.00018559288582764565945,-7.9155404819175601006e-05
1.0500000000000005348e-06,0.00069212657399475574493,-0.00070789526216685771942
1.0800000000000004593e-06,0.00063249521190300583839,-0.00076682283543050289154
1.1100000000000003839e-06,5.3703464800491929054e-05,-0.00021123079932294785976
1.1400000000000003084e-06,-0.00059193180641159415245,0.0005375028122216463089
1.1700000000000002329e-06,-0.00088349019642919301987,0.00096131413010880351067
1.2000000000000001575e-06,-0.00091506825992837548256,0.0010422058403491973877
1.230000000000000082e-06,-0.00091111788060516119003,0.0010561019880697131157
1.2600000000000000065e-06,-0.00083941838238388299942,0.00099236075766384601593
1.289999999999999931e-06,-0.00053126626880839467049,0.00069769890978932380676
1.3199999999999998556e-06,0.00016617189976386725903,-3.4156248148065060377e-05
1.3499999999999997801e-06,0.00077028048690408468246,-0.00078733090776950120926
1.3799999999999997046e-06,0.00092133425641804933548,-0.0010321178706362843513
1.4099999999999996291e-06,0.00092466681962832808495,-0.0010481323115527629852
1.4399999999999995537e-06,0.00092492351541295647621,-0.0010600198293104767799
1.4699999999999994782e-06,0.00092872907407581806183,-0.0010557908099144697189
1.4999999999999994027e-06,0.00091864477144554257393,-0.0010588531149551272392
1.5299999999999993273e-06,0.00092302070697769522667,-0.0010622168192639946938
1.5599999999999992518e-06,0.00093064107932150363922,-0.0010713570518419146538
1.5899999999999991763e-06,0.00091727287508547306061,-0.0010619844542816281319
1.6199999999999991008e-06,0.00092514196876436471939,-0.0010591523023322224617
1.6499999999999990254e-06,0.00092689733719453215599,-0.0010643081041052937508
1.6799999999999989499e-06,0.00091330241411924362183,-0.0010640320833772420883
1.7099999999999988744e-06,0.00092356675304472446442,-0.0010647207964211702347
1.7399999999999987989e-06,0.00092226947890594601631,-0.0010486193932592868805
1.7699999999999987235e-06,0.00079436763189733028412,-0.00093641743296757340431
1.799999999999998648e-06,0.00032087456202134490013,-0.00048316424363292753696
1.8299999999999985725e-06,-0.00036768603604286909103,0.00027163838967680931091
1.8599999999999984971e-06,-0.00075306685175746679306,0.00079778966028243303299
1.8899999999999984216e-06,-0.00053219287656247615814,0.00067190139088779687881
1.9199999999999985579e-06,0.00013409182429313659668,-5.8109581004828214645e-06
1.9499999999999986941e-06,0.00070275680627673864365,-0.00070308038266375660896
1.9799999999999988304e-06,0.00069027853896841406822,-0.00082743947859853506088
2.0099999999999989667e-06,0.00012435733515303581953,-0.00028067469247616827488
2.039999999999999103e-06,-0.00059050938580185174942,0.00053847412345930933952
2.0699999999999992393e-06,-0.00079808052396401762962,0.00089501246111467480659
2.0999999999999993756e-06,-0.00038005746318958699703,0.00055164855439215898514
2.1299999999999995119e-06,0.00042687237146310508251,-0.00030127313220873475075
2.1599999999999996481e-06,0.00086389190983027219772,-0.00092357466928660869598
2.1899999999999997844e-06,0.00091921677812933921814,-0.001037302892655134201
2.2199999999999999207e-06,0.00093135796487331390381,-0.0010567363351583480835
2.250000000000000057e-06,0.0009289491572417318821,-0.001050097169354557991
2.2800000000000001933e-06,0.00092921411851420998573,-0.0010592046892270445824
2.3100000000000003296e-06,0.00092589197447523474693,-0.0010525047546252608299
2.3400000000000004659e-06,0.00092521263286471366882,-0.0010578352957963943481
2.3700000000000006021e-06,0.00091286300448700785637,-0.0010674559744074940681
2.4000000000000007384e-06,0.00091960246209055185318,-0.0010603296104818582535
2.4300000000000008747e-06,0.00092852202942594885826,-0.0010561813833191990852
2.460000000000001011e-06,0.00092407496413215994835,-0.0010636590886861085892
2.4900000000000011473e-06,0.00092445750487968325615,-0.0010643125278875231743
2.5200000000000012836e-06,0.00092534424038603901863,-0.0010591681348159909248
2.5500000000000014199e-06,0.00092370918719097971916,-0.00106522382702678442
2.5800000000000015561e-06,0.00092673953622579574585,-0.0010670766932889819145
2.6100000000000016924e-06,0.00092790258349850773811,-0.0010587475262582302094
2.6400000000000018287e-06,0.00092866778140887618065,-0.001061407383531332016
2.670000000000001965e-06,0.00092427164781838655472,-0.0010561936069279909134
2.7000000000000021013e-06,0.00092307094018906354904,-0.0010617000516504049301
2.7300000000000022376e-06,0.00091578747378662228584,-0.0010520454961806535721
2.7600000000000023739e-06,0.00086900882888585329056,-0.0010096189798787236214
2.7900000000000025101e-06,0.0006137890741229057312,-0.00079273397568613290787
2.8200000000000026464e-06,-0.00011122359865112230182,-4.4958371290704235435e-05
2.8500000000000027827e-06,-0.00076431140769273042679,0.00075563590507954359055
2.880000000000002919e-06,-0.0009107064688578248024,0.0010200630640611052513
2.9100000000000030553e-06,-0.00091355567565187811852,0.0010498595656827092171
2.9400000000000031916e-06,-0.00091324775712564587593,0.0010454965522512793541
2.9700000000000033278e-06,-0.00091591454111039638519,0.0010634406935423612595
3.0000000000000034641e-06,-0.00091672042617574334145,0.0010626598959788680077
3.0300000000000036004e-06,-0.00092577037867158651352,0.001052324310876429081
3.0600000000000037367e-06,-0.00093681301223114132881,0.0010554665932431817055
3.090000000000003873e-06,-0.00093021208886057138443,0.0010587186552584171295
3.1200000000000040093e-06,-0.00091905274894088506699,0.0010577935026958584785
3.1500000000000041456e-06,-0.00092339952243492007256,0.0010506451362743973732
3.1800000000000042818e-06,-0.000927992979995906353,0.001058251596987247467
3.2100000000000044181e-06,-0.00092624180251732468605,0.0010631894692778587341
3.2400000000000045544e-06,-0.00092205381952226161957,0.0010541288647800683975
3.2700000000000046907e-06,-0.0009209372219629585743,0.0010549305006861686707
3.300000000000004827e-06,-0.00092583207879215478897,0.0010588202858343720436
3.3300000000000049633e-06,-0.00091994652757421135902,0.0010517666814848780632
3.3600000000000050996e-06,-0.00086330948397517204285,0.0010129674337804317474
3.3900000000000052358e-06,-0.00059427128871902823448,0.00075809954432770609856
3.4200000000000053721e-06,6.9664667535107582808e-05,8.8226646766997873783e-05
3.4500000000000055084e-06,0.00068994576577097177505,-0.00066057656658813357353
3.4800000000000056447e-06,0.00073750497540459036827,-0.0008729916880838572979
3.510000000000005781e-06,0.0002080087724607437849,-0.00037669861922040581703
3.5400000000000059173e-06,-0.00055563775822520256042,0.00048793407040648162365
3.5700000000000060536e-06,-0.0008912686607800424099,0.00099501363001763820648
3.6000000000000061898e-06,-0.00090832175919786095619,0.0010443601058796048164
3.6300000000000063261e-06,-0.00092854350805282592773,0.0010560302762314677238
3.6600000000000064624e-06,-0.00092325697187334299088,0.0010717177065089344978
3.6900000000000065987e-06,-0.00091549422359094023705,0.0010625311406329274178
3.720000000000006735e-06,-0.00092555215815082192421,0.0010589775629341602325
3.7500000000000068713e-06,-0.00092024233890697360039,0.0010557105997577309608
3.7800000000000070076e-06,-0.00091429991880431771278,0.0010614028433337807655
3.8100000000000071438e-06,-0.00090726336929947137833,0.0010559591464698314667
3.8400000000000072801e-06,-0.00091895571677014231682,0.001057837391272187233
3.8700000000000069929e-06,-0.00092490715906023979187,0.0010638539679348468781
3.9000000000000067057e-06,-0.00092236750060692429543,0.001059262431226670742
3.9300000000000064184e-06,-0.00091900542611256241798,0.0010501198703423142433
3.9600000000000061312e-06,-0.00086624873802065849304,0.0010158924851566553116
3.990000000000005844e-06,-0.0005864466656930744648,0.00076501874718815088272
4.0200000000000055567e-06,3.1920702895149588585e-05,0.00011336317402310669422
4.0500000000000052695e-06,0.00065766955958679318428,-0.00064073852263391017914
4.0800000000000049823e-06,0.00088965112809091806412,-0.00099958735518157482147
4.110000000000004695e-06,0.00092041579773649573326,-0.0010521149961277842522
4.1400000000000044078e-06,0.00092191662406548857689,-0.001055017462931573391
4.1700000000000041206e-06,0.0008379754144698381424,-0.00097854540217667818069
4.2000000000000038333e-06,0.00046974120778031647205,-0.00063319044420495629311
4.2300000000000035461e-06,-0.00028788112103939056396,0.0001574035413796082139
4.2600000000000032589e-06,-0.00082419416867196559906,0.00084298697765916585922
4.2900000000000029717e-06,-0.00091338990023359656334,0.001032848842442035675
4.3200000000000026844e-06,-0.00092730671167373657227,0.0010615005157887935638
4.3500000000000023972e-06,-0.00091657240409404039383,0.0010596567299216985703
4.38000000000000211e-06,-0.00091938290279358625412,0.0010552890598773956299
4.4100000000000018227e-06,-0.0009309038287028670311,0.0010532657615840435028
4.4400000000000015355e-06,-0.00092593714362010359764,0.0010537304915487766266
4.4700000000000012483e-06,-0.00091726542450487613678,0.0010561610106378793716
4.500000000000000961e-06,-0.00092534348368644714355,0.0010546346893534064293
4.5300000000000006738e-06,-0.00092578917974606156349,0.0010524031240493059158
4.5600000000000003866e-06,-0.00088904064614325761795,0.0010286436881870031357
4.5900000000000000993e-06,-0.00061653170268982648849,0.00078617804683744907379
4.6199999999999998121e-06,1.7771992133930325508e-05,0.00012627296382561326027
4.6499999999999995249e-06,0.00061886414187029004097,-0.00059434038121253252029
4.6799999999999992376e-06,0.00071144249523058533669,-0.00082257774192839860916
4.7099999999999989504e-06,0.00022902357159182429314,-0.00039224227657541632652
4.7399999999999986632e-06,-0.0004595559148583561182,0.00037297420203685760498
4.769999999999998376e-06,-0.00077317695831879973412,0.00084147532470524311066
4.7999999999999980887e-06,-0.00046112557174637913704,0.0006247663404792547226
4.8299999999999978015e-06,0.00023570105258841067553,-0.00011448955046944320202
4.8599999999999975143e-06,0.00074585981201380491257,-0.00077346299076452851295
4.889999999999997227e-06,0.00065715907840058207512,-0.00079013477079570293427
4.9199999999999969398e-06,1.7845057300291955471e-05,-0.00016680029511917382479
4.9499999999999966526e-06,-0.00069538631942123174667,0.00065148755675181746483
4.9799999999999963653e-06,-0.00090663752052932977676,0.00099966558627784252167
5.0099999999999960781e-06,-0.00091959978453814983368,0.0010514263994991779327
5.0399999999999957909e-06,-0.00092785613378509879112,0.0010608257725834846497
5.0699999999999955036e-06,-0.00091488019097596406937,0.0010551857994869351387
5.0999999999999952164e-06,-0.00092877226416021585464,0.0010582490358501672745
5.1299999999999949292e-06,-0.00091663224156945943832,0.0010560691589489579201
5.159999999999994642e-06,-0.00090191961498931050301,0.0010311924852430820465
5.1899999999999943547e-06,-0.00065941602224484086037,0.0008173855021595954895
5.2199999999999940675e-06,1.3529206626117229462e-06,0.00015756243374198675156
5.2499999999999937803e-06,0.00062215130310505628586,-0.00059223070275038480759
5.279999999999993493e-06,0.00087162794079631567001,-0.00096174073405563831329
5.3099999999999932058e-06,0.00091823900584131479263,-0.0010422986233606934547
5.3399999999999929186e-06,0.00092739483807235956192,-0.0010493814479559659958
5.3699999999999926313e-06,0.00093084294348955154419,-0.0010514995083212852478
5.3999999999999923441e-06,0.00092655641492456197739,-0.0010608527809381484985
5.4299999999999920569e-06,0.00091724767116829752922,-0.0010681095300242304802
5.4599999999999917696e-06,0.0009147569071501493454,-0.0010656210361048579216
5.4899999999999914824e-06,0.00091209093807265162468,-0.0010573760373517870903
5.5199999999999911952e-06,0.00091710238484665751457,-0.0010511978762224316597
5.5499999999999909079e-06,0.00090458872728049755096,-0.0010440954938530921936
5.5799999999999906207e-06,0.00078059651423245668411,-0.00093447190010920166969
5.6099999999999903335e-06,0.00031287275487557053566,-0.00047448906116187572479
5.6399999999999900463e-06,-0.00045804318506270647049,0.00035972741898149251938
5.669999999999989759e-06,-0.00086118944454938173294,0.00092523708008229732513
5.6999999999999894718e-06,-0.00091238802997395396233,0.0010368232615292072296
5.7299999999999891846e-06,-0.00092968979151919484138,0.0010677048703655600548
5.7599999999999888973e-06,-0.00089476112043485045433,0.0010443009668961167336
5.7899999999999886101e-06,-0.00069847039412707090378,0.00086567533435299992561
5.8199999999999883229e-06,-3.4412136301398277283e-05,0.00019466108642518520355
5.8499999999999880356e-06,0.00061832717619836330414,-0.00059693184448406100273
5.8799999999999877484e-06,0.00074791233055293560028,-0.00085203070193529129028
5.9099999999999874612e-06,0.00027501120348460972309,-0.00043652873137034475803
5.9399999999999871739e-06,-0.00042894453508779406548,0.00034565312671475112438
5.9699999999999868867e-06,-0.00081878644414246082306,0.00087369512766599655151
5.9999999999999865995e-06,-0.00091595877893269062042,0.0010329930810257792473
6.0299999999999863122e-06,-0.00092538323951885104179,0.0010568624129518866539
6.059999999999986025e-06,-0.00091846880968660116196,0.0010626799194142222404
6.0899999999999857378e-06,-0.00092167948605492711067,0.0010655215010046958923
6.1199999999999854506e-06,-0.00092476885765790939331,0.0010585206327959895134
6.1499999999999851633e-06,-0.00090981746325269341469,0.0010396555298939347267
6.1799999999999848761e-06,-0.00078631332144141197205,0.00093005807138979434967
6.2099999999999845889e-06,-0.00031913336715660989285,0.00047404743963852524757
6.2399999999999843016e-06,0.00040001401794143021107,-0.0003122651251032948494
6.2699999999999840144e-06,0.00077216228237375617027,-0.00082655547885224223137
6.2999999999999837272e-06,0.00052846077596768736839,-0.00068804348120465874672
6.3299999999999834399e-06,-0.00016945447714533656836,2.9665818146895617247e-05
6.3599999999999831527e-06,-0.00075960054527968168259,0.00075903226388618350029
6.3899999999999828655e-06,-0.00071716133970767259598,0.0008574498351663351059
6.4199999999999825782e-06,-9.5797324320301413536e-05,0.00027015537489205598831
6.449999999999982291e-06,0.00065816432470455765724,-0.00060076348017901182175
6.4799999999999820038e-06,0.00089580856729298830032,-0.00098681007511913776398
6.5099999999999817165e-06,0.0009126164950430393219,-0.0010515289613977074623
6.5399999999999814293e-06,0.00091653148410841822624,-0.0010540462099015712738
6.5699999999999811421e-06,0.00087140343384817242622,-0.0010193119524046778679
6.5999999999999808549e-06,0.00053433305583894252777,-0.00069836911279708147049
6.6299999999999805676e-06,-0.00017599150305613875389,5.0464179366827011108e-05
6.6599999999999802804e-06,-0.00072217173874378204346,0.00071653549093753099442
6.6899999999999799932e-06,-0.00089790229685604572296,0.00099577906075865030289
6.7199999999999797059e-06,-0.00091983185848221182823,0.0010482819052413105965
6.7499999999999794187e-06,-0.00090960506349802017212,0.0010501730721443891525
6.7799999999999791315e-06,-0.00078302068868651986122,0.00095213210443034768105
6.8099999999999788442e-06,-0.000323588930768892169,0.00049652974121272563934
6.839999999999978557e-06,0.00036270468262955546379,-0.00027096190024167299271
6.8699999999999782698e-06,0.00081598752876743674278,-0.00085951399523764848709
6.8999999999999779825e-06,0.00091720483032986521721,-0.0010404607746750116348
6.9299999999999776953e-06,0.00092341302661225199699,-0.0010542115196585655212
6.9599999999999774081e-06,0.00092106219381093978882,-0.0010599526576697826385
6.9899999999999771208e-06,0.00091564055765047669411,-0.001071674632839858532
7.0199999999999768336e-06,0.00091754569439217448235,-0.0010688292095437645912
7.0499999999999765464e-06,0.00090471934527158737183,-0.0010489127598702907562
7.0799999999999762592e-06,0.00082384061533957719803,-0.00097633717814460396767
7.1099999999999759719e-06,0.00037923565832898020744,-0.00056902231881394982338
7.1399999999999756847e-06,-0.00041891357977874577045,0.00029123265994712710381
7.1699999999999753975e-06,-0.00082286971155554056168,0.00088326213881373405457
7.1999999999999751102e-06,-0.00058945745695382356644,0.00074572477024048566818
7.229999999999974823e-06,0.00014799926429986953735,-1.7490121535956859589e-05
7.2599999999999745358e-06,0.00071868841769173741341,-0.00072962651029229164124
7.2899999999999742485e-06,0.00070453074295073747635,-0.00083749199984595179558
7.3199999999999739613e-06,0.00011174974497407674789,-0.00027797091752290725708
7.3499999999999736741e-06,-0.00056229368783533573151,0.00049985182704403996468
7.3799999999999733868e-06,-0.00075831986032426357269,0.00085388531442731618881
7.4099999999999730996e-06,-0.00034449601662345230579,0.00050359568558633327484
7.4399999999999728124e-06,0.00035323429619893431664,-0.0002550767967477440834
7.4699999999999725252e-06,0.00074510759441182017326,-0.00079467747127637267113
7.4999999999999722379e-06,0.00053998443763703107834,-0.0006961268954910337925
7.5299999999999719507e-06,-0.00010377742000855505466,-2.533680526539683342e-05
7.5599999999999716635e-06,-0.00069221114972606301308,0.00068287225440144538879
7.5899999999999713762e-06,-0.00089962233323603868484,0.0010004828218370676041
7.619999999999971089e-06,-0.00091245351359248161316,0.0010527720442041754723
7.6499999999999708018e-06,-0.00090867350809276103973,0.0010490890126675367355
7.6799999999999705145e-06,-0.00080613512545824050903,0.00095172529108822345734
7.7099999999999702273e-06,-0.00040159292984753847122,0.00055981782497838139534
7.7399999999999699401e-06,0.00033509067725390195847,-0.00023586189490742981434
7.7699999999999696528e-06,0.00082709151320159435272,-0.00087220378918573260307
7.7999999999999693656e-06,0.0009224779205396771431,-0.0010435960721224546432
7.8299999999999690784e-06,0.00093410798581317067146,-0.0010558017529547214508
7.8599999999999687911e-06,0.00093640439445152878761,-0.0010496077593415975571
7.8899999999999685039e-06,0.00092701957328245043755,-0.0010595379862934350967
7.9199999999999682167e-06,0.00091545528266578912735,-0.0010598539374768733978
7.9499999999999679295e-06,0.00092302606208249926567,-0.0010572902392596006393
7.9799999999999676422e-06,0.00093102396931499242783,-0.0010578300571069121361
8.009999999999967355e-06,0.0009315960342064499855,-0.0010668369941413402557
8.0399999999999670678e-06,0.00092281418619677424431,-0.0010680606355890631676
8.0699999999999667805e-06,0.00091582501772791147232,-0.0010668984614312648773
8.0999999999999664933e-06,0.00092696718638762831688,-0.0010622650152072310448
8.1299999999999662061e-06,0.00092246819986030459404,-0.0010596486972644925117
8.1599999999999659188e-06,0.00089792226208373904228,-0.0010435901349410414696
8.1899999999999656316e-06,0.00071180216036736965179,-0.00087246374459937214851
8.2199999999999653444e-06,0.00015212318976409733295,-0.00031872131512500345707
8.2499999999999650571e-06,-0.00051100988639518618584,0.00043572857975959777832
8.2799999999999647699e-06,-0.00074983795639127492905,0.00082963018212467432022
8.3099999999999644827e-06,-0.00039030003244988620281,0.00054926733719184994698
8.3399999999999641954e-06,0.00029680473380722105503,-0.00018775902572087943554
8.3699999999999639082e-06,0.00074881390901282429695,-0.00079341797390952706337
8.399999999999963621e-06,0.00060162052977830171585,-0.00075172923970967531204
8.4299999999999633338e-06,-4.8160400183405727148e-05,-9.0488247224129736423e-05
8.4599999999999630465e-06,-0.00067978096194565296173,0.00065818324219435453415
8.4899999999999627593e-06,-0.00073509855428710579872,0.00086928129894658923149
8.5199999999999624721e-06,-0.00019834260456264019012,0.00038004334783181548119
8.5499999999999621848e-06,0.00055994908325374126434,-0.00048999680439010262489
8.5799999999999618976e-06,0.00088846503058448433876,-0.00097450095927342772484
8.6099999999999616104e-06,0.00092051783576607704163,-0.0010436438024044036865
8.6399999999999613231e-06,0.00092067127116024494171,-0.0010469709523022174835
8.6699999999999610359e-06,0.00092142767971381545067,-0.0010510674910619854927
8.6999999999999607487e-06,0.00092427036724984645844,-0.0010633516358211636543
8.7299999999999604614e-06,0.00092429568758234381676,-0.0010625880677253007889
8.7599999999999601742e-06,0.00092202692758291959763,-0.0010695649543777108192
8.789999999999959887e-06,0.00092080171452835202217,-0.0010646455921232700348
8.8199999999999595997e-06,0.00092116318410262465477,-0.0010654903016984462738
8.8499999999999593125e-06,0.00091784668620675802231,-0.0010663770372048020363
8.8799999999999590253e-06,0.00091689801774919033051,-0.0010596001520752906799
8.9099999999999587381e-06,0.00092647230485454201698,-0.0010619935346767306328
8.9399999999999584508e-06,0.00093024026136845350266,-0.0010684567969292402267
8.9699999999999581636e-06,0.00092717638472095131874,-0.0010668754111975431442
8.9999999999999578764e-06,0.00092376931570470333099,-0.0010627874871715903282
9.0299999999999575891e-06,0.00091670156689360737801,-0.0010632628109306097031
9.0599999999999573019e-06,0.00091809936566278338432,-0.0010668694740161299706
9.0899999999999570147e-06,0.00092449097428470849991,-0.0010648351162672042847
9.1199999999999567274e-06,0.00092314463108777999878,-0.0010611916659399867058
9.1499999999999564402e-06,0.00091464788420125842094,-0.0010510438587516546249
9.179999999999956153e-06,0.00083844794426113367081,-0.0009854518575593829155
9.2099999999999558657e-06,0.0004725508915726095438,-0.00064165063668042421341
9.2399999999999555785e-06,-0.00029085573623888194561,0.00014670676318928599358
9.2699999999999552913e-06,-0.00082065880997106432915,0.00084717792924493551254
9.299999999999955004e-06,-0.00090881990035995841026,0.0010391175746917724609
9.3299999999999547168e-06,-0.00092484708875417709351,0.0010511162690818309784
9.3599999999999544296e-06,-0.00092246494023129343987,0.0010564874392002820969
9.3899999999999541424e-06,-0.00092206767294555902481,0.0010569046717137098312
9.4199999999999538551e-06,-0.00091822794638574123383,0.00105611397884786129
9.4499999999999535679e-06,-0.00092514179414138197899,0.0010668798349797725677
9.4799999999999532807e-06,-0.00092764606233686208725,0.0010599258821457624435
9.5099999999999529934e-06,-0.0009251449955627322197,0.0010471098357811570168
9.5399999999999527062e-06,-0.00092835695249959826469,0.0010479949414730072021
9.569999999999952419e-06,-0.00092567427782341837883,0.0010596266947686672211
9.5999999999999521317e-06,-0.00091828597942367196083,0.0010601634858176112175
9.6299999999999518445e-06,-0.0009233660530298948288,0.0010569205041974782944
9.6599999999999515573e-06,-0.00092101871268823742867,0.0010606476571410894394
9.68999999999995127e-06,-0.00091481022536754608154,0.0010613910853862762451
9.7199999999999509828e-06,-0.0009221141226589679718,0.0010603235568851232529
9.7499999999999506956e-06,-0.00091694208094850182533,0.0010526664555072784424
9.7799999999999504083e-06,-0.00083254755008965730667,0.00097726634703576564789
9.8099999999999501211e-06,-0.00047569302842020988464,0.0006441259174607694149
9.8399999999999498339e-06,0.00023192212393041700125,-0.00010360654414398595691
9.8699999999999495467e-06,0.00075398583430796861649,-0.00076425285078585147858
9.8999999999999492594e-06,0.00066001235973089933395,-0.00079563097096979618073
9.9299999999999489722e-06,1.4075485523790121078e-05,-0.00017648364882916212082
9.959999999999948685e-06,-0.00069098395761102437973,0.00064454949460923671722
9.9899999999999483977e-06,-0.00091296067694202065468,0.0010037994943559169769
1.0019999999999948111e-05,-0.00092578656040132045746,0.0010581030510365962982
1.0049999999999947823e-05,-0.00092850311193615198135,0.0010560026858001947403
1.0079999999999947536e-05,-0.00092974811559543013573,0.0010613827034831047058
1.0109999999999947249e-05,-0.00092382490402087569237,0.0010660395491868257523
1.0139999999999946962e-05,-0.00092015031259506940842,0.0010624791029840707779
1.0169999999999946674e-05,-0.00092929397942498326302,0.0010641084518283605576
1.0199999999999946387e-05,-0.00091811036691069602966,0.0010601270478218793869
1.02299999999999461e-05,-0.00091608974616974592209,0.001052367035299539566
1.0259999999999945813e-05,-0.00092097604647278785706,0.0010516541078686714172
1.0289999999999945525e-05,-0.00092110328841954469681,0.0010539544746279716492
1.0319999999999945238e-05,-0.00091895693913102149963,0.0010572411119937896729
1.0349999999999944951e-05,-0.00091650115791708230972,0.0010532098822295665741
1.0379999999999944664e-05,-0.00084778066957369446754,0.0009875558316707611084
1.0409999999999944376e-05,-0.00048523183795623481274,0.00063810928259044885635
1.0439999999999944089e-05,0.00019574795442167669535,-8.0697733210399746895e-05
1.0469999999999943802e-05,0.00074940436752513051033,-0.00075457041384652256966
1.0499999999999943515e-05,0.00090236368123441934586,-0.0010144031839445233345
1.0529999999999943228e-05,0.00091133714886382222176,-0.0010526437545195221901
1.055999999999994294e-05,0.00090086966520175337791,-0.0010490842396393418312
1.0589999999999942653e-05,0.00077847164357081055641,-0.00093693292001262307167
1.0619999999999942366e-05,0.00031534774461761116982,-0.00048071550554595887661
1.0649999999999942079e-05,-0.00045715886517427861691,0.00035812394344247877598
1.0679999999999941791e-05,-0.00086399458814412355423,0.00093611539341509342194
1.0709999999999941504e-05,-0.00092075200518593192101,0.0010440949117764830589
1.0739999999999941217e-05,-0.00093234266387298703194,0.0010495332535356283188
1.076999999999994093e-05,-0.00092165183741599321365,0.0010631546610966324806
1.0799999999999940642e-05,-0.00092356977984309196472,0.0010761647718027234077
1.0829999999999940355e-05,-0.00091540906578302383423,0.0010707258479669690132
1.0859999999999940068e-05,-0.00090893183369189500809,0.0010642819106578826904
1.0889999999999939781e-05,-0.00091916957171633839607,0.0010628377785906195641
1.0919999999999939494e-05,-0.00092688412405550479889,0.0010641360422596335411
1.0949999999999939206e-05,-0.00091039104154333472252,0.0010530628496780991554
1.0979999999999938919e-05,-0.00085869553731754422188,0.00099775101989507675171
1.1009999999999938632e-05,-0.00049543270142748951912,0.0006542836199514567852
1.1039999999999938345e-05,0.00018365040887147188187,-6.2844890635460615158e-05
1.1069999999999938057e-05,0.0006944425986148416996,-0.00070429686456918716431
1.109999999999993777e-05,0.00064366083825007081032,-0.00077728740870952606201
1.1129999999999937483e-05,7.0756534114480018616e-05,-0.00021829575416631996632
1.1159999999999937196e-05,-0.00056754914112389087677,0.00053277664119377732277
1.1189999999999936908e-05,-0.00073914858512580394745,0.00084272946696728467941
1.1219999999999936621e-05,-0.00032293473486788570881,0.00046728624147363007069
1.1249999999999936334e-05,0.00038692937232553958893,-0.00030871201306581497192
1.1279999999999936047e-05,0.00077674741623923182487,-0.00084501662058755755424
1.130999999999993576e-05,0.00053940777434036135674,-0.00070060585858300328255
1.1339999999999935472e-05,-0.00016102773952297866344,2.0268969819881021976e-05
1.1369999999999935185e-05,-0.00077187875285744667053,0.00077580567449331283569
1.1399999999999934898e-05,-0.00091547338524833321571,0.0010371559765189886093
1.1429999999999934611e-05,-0.00092356256209313869476,0.0010629037860780954361
1.1459999999999934323e-05,-0.0009178354521282017231,0.001070772646926343441
1.1489999999999934036e-05,-0.00091525429161265492439,0.0010433271527290344238
1.1519999999999933749e-05,-0.00092865049373358488083,0.0010529874125495553017
1.1549999999999933462e-05,-0.00092178169870749115944,0.0010610693134367465973
1.1579999999999933174e-05,-0.00088057026732712984085,0.0010215073125436902046
1.1609999999999932887e-05,-0.00053910393035039305687,0.00070765917189419269562
1.16399999999999326e-05,0.00017878986545838415623,-3.1640171073377132416e-05
1.1669999999999932313e-05,0.00072640681173652410507,-0.00071557413320988416672
1.1699999999999932026e-05,0.00090155133511871099472,-0.0010031412821263074875
1.1729999999999931738e-05,0.00092066632350906729698,-0.001059091067872941494
1.1759999999999931451e-05,0.00091971317306160926819,-0.0010643034474924206734
1.1789999999999931164e-05,0.00092264451086521148682,-0.0010614751372486352921
1.1819999999999930877e-05,0.00091984297614544630051,-0.0010572269093245267868
1.1849999999999930589e-05,0.0009172382415272295475,-0.0010565482079982757568
1.1879999999999930302e-05,0.00092176429461687803268,-0.0010577718494459986687
1.1909999999999930015e-05,0.00091504002921283245087,-0.0010571285383775830269
1.1939999999999929728e-05,0.00091450015315786004066,-0.0010614722268655896187
1.196999999999992944e-05,0.00089273694902658462524,-0.0010402115294709801674
1.1999999999999929153e-05,0.00070970441447570919991,-0.00085956207476556301117
1.2029999999999928866e-05,0.00013821234460920095444,-0.00029422534862533211708
1.2059999999999928579e-05,-0.00059071870055049657822,0.00053994316840544342995
1.2089999999999928292e-05,-0.0008886957075446844101,0.00098988588433712720871
1.2119999999999928004e-05,-0.00092105916701257228851,0.0010442263446748256683
1.2149999999999927717e-05,-0.00091436458751559257507,0.0010529407300055027008
1.217999999999992743e-05,-0.00088846404105424880981,0.001022837124764919281
1.2209999999999927143e-05,-0.00060238386504352092743,0.00077404803596436977386
1.2239999999999926855e-05,0.00014129490591585636139,4.1007297113537788391e-07
1.2269999999999926568e-05,0.00071714777732267975807,-0.00071869546081870794296
1.2299999999999926281e-05,0.00070106604835018515587,-0.00083036813884973526001
1.2329999999999925994e-05,0.00011326890671625733376,-0.00026677863206714391708
1.2359999999999925706e-05,-0.00056476431200280785561,0.00051247258670628070831
1.2389999999999925419e-05,-0.00085990084335207939148,0.00093136675423011183739
1.2419999999999925132e-05,-0.00091437785886228084564,0.0010399903403595089912
1.2449999999999924845e-05,-0.00092435325495898723602,0.0010576968779787421227
1.2479999999999924558e-05,-0.00092022411990910768509,0.0010597023647278547287
1.250999999999992427e-05,-0.00091981724835932254791,0.0010639207903295755386
1.2539999999999923983e-05,-0.00091807392891496419907,0.0010625356808304786682
1.2569999999999923696e-05,-0.0008925839792937040329,0.0010315785184502601624
1.2599999999999923409e-05,-0.00070523063186556100845,0.00085213105194270610809
1.2629999999999923121e-05,-0.00015352971968241035938,0.00030899231205694377422
1.2659999999999922834e-05,0.00052647653501480817795,-0.000461342628113925457
1.2689999999999922547e-05,0.00076332193566486239433,-0.00085083994781598448753
1.271999999999992226e-05,0.00039784482214599847794,-0.00056289916392415761948
1.2749999999999921972e-05,-0.000341258244588971138,0.00022275451919995248318
1.2779999999999921685e-05,-0.00079667282989248633385,0.00083607545820996165276
1.2809999999999921398e-05,-0.00061123119667172431946,0.00076907681068405508995
1.2839999999999921111e-05,8.6417669081129133701e-05,4.4259853893890976906e-05
1.2869999999999920824e-05,0.00075596221722662448883,-0.00075279787415638566017
1.2899999999999920536e-05,0.00090208463370800018311,-0.0010078160557895898819
1.2929999999999920249e-05,0.0009116129949688911438,-0.0010515198810026049614
1.2959999999999919962e-05,0.00092251901514828205109,-0.0010457250755280256271
1.2989999999999919675e-05,0.00084228621562942862511,-0.00099099392537027597427
1.3019999999999919387e-05,0.00038615276571363210678,-0.00055950204841792583466
1.30499999999999191e-05,-0.00034695511567406356335,0.00024054857203736901283
1.3079999999999918813e-05,-0.00078930705785751342773,0.00082153407856822013855
1.3109999999999918526e-05,-0.00090988824376836419106,0.0010168495355173945427
1.3139999999999918238e-05,-0.00092018843861296772957,0.0010485140373930335045
1.3169999999999917951e-05,-0.00090404099319130182266,0.001037422684021294117
1.3199999999999917664e-05,-0.00072283903136849403381,0.00087874871678650379181
1.3229999999999917377e-05,-0.00017156702233478426933,0.00032993662171065807343
1.325999999999991709e-05,0.00050324352923780679703,-0.00043719192035496234894
1.3289999999999916802e-05,0.00085869384929537773132,-0.00092545012012124061584
1.3319999999999916515e-05,0.00091579504078254103661,-0.0010485945967957377434
1.3349999999999916228e-05,0.00091949175111949443817,-0.0010599497472867369652
1.3379999999999915941e-05,0.00092147418763488531113,-0.0010580621892586350441
1.3409999999999915653e-05,0.00092063471674919128418,-0.0010615490609779953957
1.3439999999999915366e-05,0.00092008395586162805557,-0.0010668761096894741058
1.3469999999999915079e-05,0.00089507392840459942818,-0.0010446138912811875343
1.3499999999999914792e-05,0.00076356780482456088066,-0.00091425620485097169876
1.3529999999999914504e-05,0.00020698015578091144562,-0.00038665893953293561935
1.3559999999999914217e-05,-0.00056555704213678836823,0.00046957781887613236904
1.358999999999991393e-05,-0.00084089313168078660965,0.00092024949844926595688
1.3619999999999913643e-05,-0.000449106941232457757,0.00062079587951302528381
1.3649999999999913356e-05,0.00033672229619696736336,-0.00022354454267770051956
1.3679999999999913068e-05,0.00077479926403611898422,-0.00082691549323499202728
1.3709999999999912781e-05,0.0006101052858866751194,-0.00076317082857713103294
1.3739999999999912494e-05,-5.892215995118021965e-05,-7.9175748396664857864e-05
1.3769999999999912207e-05,-0.00066667434293776750565,0.00064436695538461208344
1.3799999999999911919e-05,-0.0007113358587957918644,0.00082972412928938865662
1.3829999999999911632e-05,-0.00018252644804306328297,0.00034876403515227138996
1.3859999999999911345e-05,0.00048985646571964025497,-0.00041610107291489839554
1.3889999999999911058e-05,0.00075554533395916223526,-0.00083276932127773761749
1.391999999999991077e-05,0.00041070760926231741905,-0.00057478283997625112534
1.3949999999999910483e-05,-0.00027345339185558259487,0.00015683818492107093334
1.3979999999999910196e-05,-0.00077178783249109983444,0.00079249788541346788406
1.4009999999999909909e-05,-0.0009093281114473938942,0.0010223231511190533638
1.4039999999999909622e-05,-0.00092062522890046238899,0.001043103518895804882
1.4069999999999909334e-05,-0.00089962512720376253128,0.001032606116496026516
1.4099999999999909047e-05,-0.00074466742807999253273,0.00089824839960783720016
1.412999999999990876e-05,-0.00023253205290529876947,0.00039411513716913759708
1.4159999999999908473e-05,0.0005045803263783454895,-0.00041593785863369703293
1.4189999999999908185e-05,0.00087827519746497273445,-0.00093764171469956636429
1.4219999999999907898e-05,0.00092484714696183800697,-0.0010559172369539737701
1.4249999999999907611e-05,0.00092703185509890317917,-0.0010654942598193883896
1.4279999999999907324e-05,0.00091494177468121051788,-0.0010618987726047635078
1.4309999999999907036e-05,0.00091131619410589337349,-0.0010641046101227402687
1.4339999999999906749e-05,0.000924629217479377985,-0.0010501859942451119423
1.4369999999999906462e-05,0.00092020217562094330788,-0.0010585662676021456718
1.4399999999999906175e-05,0.0009185771341435611248,-0.0010637784143909811974
1.4429999999999905888e-05,0.00091507582692429423332,-0.0010592845501378178596
1.44599999999999056e-05,0.00092244672123342752457,-0.0010655035730451345444
1.4489999999999905313e-05,0.00092249183217063546181,-0.0010610193712636828423
1.4519999999999905026e-05,0.00092758587561547756195,-0.0010656761005520820618
1.4549999999999904739e-05,0.00092083134222775697708,-0.0010638536186888813972
1.4579999999999904451e-05,0.00088492623763158917427,-0.0010281462455168366432
1.4609999999999904164e-05,0.0006266061682254076004,-0.00078298861626535654068
1.4639999999999903877e-05,-8.5736974142491817474e-07,-0.00014046972501091659069
1.466999999999990359e-05,-0.00061326310969889163971,0.00057471304899081587791
1.4699999999999903302e-05,-0.00071699352702125906944,0.00081528263399377465248
1.4729999999999903015e-05,-0.00023888185387477278709,0.00039638121961615979671
1.4759999999999902728e-05,0.00044660683488473296165,-0.00037073087878525257111
1.4789999999999902441e-05,0.0007596485665999352932,-0.00084664678433910012245
1.4819999999999902154e-05,0.00047304885811172425747,-0.00063433981267735362053
1.4849999999999901866e-05,-0.00022530867136083543301,0.00010193205525865778327
1.4879999999999901579e-05,-0.00075121794361621141434,0.00077324168523773550987
1.4909999999999901292e-05,-0.00066561828134581446648,0.00080879736924543976784
1.4939999999999901005e-05,-2.69033262156881392e-05,0.00018360657850280404091
1.4969999999999900717e-05,0.00068874983116984367371,-0.00064399419352412223816
1.499999999999990043e-05,0.00089938781457021832466,-0.0010075416648760437965
1.5029999999999900143e-05,0.0009252321324311196804,-0.0010520191863179206848
1.5059999999999899856e-05,0.00092484860215336084366,-0.0010796288261190056801
1.5089999999999899568e-05,0.00091670599067583680153,-0.001067081117071211338
1.5119999999999899281e-05,0.00092243088874965906143,-0.001071051228791475296
1.5149999999999898994e-05,0.00091599969891831278801,-0.0010611093603074550629
1.5179999999999898707e-05,0.0009156009182333946228,-0.0010573324980214238167
1.520999999999989842e-05,0.00092418823624029755592,-0.0010691825300455093384
1.5239999999999898132e-05,0.00092176365433260798454,-0.0010644757421687245369
1.5269999999999899539e-05,0.00092074513668194413185,-0.0010611796751618385315
1.5299999999999900946e-05,0.00091754499590024352074,-0.0010650907643139362335
1.5329999999999902353e-05,0.00091341981897130608559,-0.0010630316101014614105
1.535999999999990376e-05,0.00091771822189912199974,-0.0010681498097255825996
1.5389999999999905166e-05,0.00092364422744140028954,-0.001074590953066945076
1.5419999999999906573e-05,0.00092380709247663617134,-0.0010665750596672296524
1.544999999999990798e-05,0.00092255289200693368912,-0.0010621476685628294945
1.5479999999999909387e-05,0.00091902812710031867027,-0.001064882730133831501
1.5509999999999910794e-05,0.00090966280549764633179,-0.0010586270364001393318
1.5539999999999912201e-05,0.0009066981729120016098,-0.0010608009761199355125
1.5569999999999913607e-05,0.00091008155141025781631,-0.0010576356435194611549
1.5599999999999915014e-05,0.00079339108197018504143,-0.00095011614030227065086
1.5629999999999916421e-05,0.00031143083469942212105,-0.00048835074994713068008
1.5659999999999917828e-05,-0.00044642307329922914505,0.00035363584174774587154
1.5689999999999919235e-05,-0.0008635313715785741806,0.00093045766698196530342
1.5719999999999920642e-05,-0.00091668777167797088623,0.0010447631357237696648
1.5749999999999922048e-05,-0.00091949524357914924622,0.0010694364318624138832
1.5779999999999923455e-05,-0.00091952265938743948936,0.0010665979934856295586
1.5809999999999924862e-05,-0.00092996581224724650383,0.001068576006218791008
1.5839999999999926269e-05,-0.00092193047748878598213,0.0010551292216405272484
1.5869999999999927676e-05,-0.00092523969942703843117,0.0010586322750896215439
1.5899999999999929083e-05,-0.00092048593796789646149,0.0010595951462164521217
1.5929999999999930489e-05,-0.00091835734201595187187,0.0010655850637704133987
1.5959999999999931896e-05,-0.00092164485249668359756,0.0010604065610095858574
1.5989999999999933303e-05,-0.00093208119506016373634,0.0010525461984798312187
1.601999999999993471e-05,-0.00093245779862627387047,0.0010587987489998340607
1.6049999999999936117e-05,-0.00092241767561063170433,0.0010584361152723431587
1.6079999999999937524e-05,-0.0009156164596788585186,0.0010517762275412678719
1.610999999999993893e-05,-0.00092007248895242810249,0.0010496957693248987198
1.6139999999999940337e-05,-0.00092720240354537963867,0.0010540400398895144463
1.6169999999999941744e-05,-0.00091220473404973745346,0.001053699408657848835
1.6199999999999943151e-05,-0.00078065483830869197845,0.00093883660156279802322
1.6229999999999944558e-05,-0.00033005504519678652287,0.00049023225437849760056
1.6259999999999945965e-05,0.00038992159534245729446,-0.00028340474818833172321
1.6289999999999947371e-05,0.00077653938205912709236,-0.00083458446897566318512
1.6319999999999948778e-05,0.00054404925322160124779,-0.00070418184623122215271
1.6349999999999950185e-05,-0.00015456289111170917749,2.4305678380187600851e-05
1.6379999999999951592e-05,-0.00077420379966497421265,0.00076891522621735930443
1.6409999999999952999e-05,-0.0009104887722060084343,0.0010337693383917212486
1.6439999999999954406e-05,-0.00092843046877533197403,0.0010669649345800280571
1.6469999999999955812e-05,-0.00092433165991678833961,0.001070149359293282032
1.6499999999999957219e-05,-0.00092568143736571073532,0.0010554190957918763161
1.6529999999999958626e-05,-0.00092776870587840676308,0.0010624886490404605865
1.6559999999999960033e-05,-0.0009271130547858774662,0.0010629137977957725525
1.658999999999996144e-05,-0.00091793923638761043549,0.0010616458021104335785
1.6619999999999962847e-05,-0.00091755378525704145432,0.0010644935537129640579
1.6649999999999964254e-05,-0.00092893821420148015022,0.0010550469160079956055
1.667999999999996566e-05,-0.00092002941528335213661,0.0010522127849981188774
1.6709999999999967067e-05,-0.0009108246886171400547,0.0010516247712075710297
1.6739999999999968474e-05,-0.00091671565314754843712,0.0010545176919549703598
1.6769999999999969881e-05,-0.00091242621419951319695,0.0010448404354974627495
1.6799999999999971288e-05,-0.00079362920951098203659,0.00093582342378795146942
1.6829999999999972695e-05,-0.0003377601969987154007,0.0004940272192470729351
1.6859999999999974101e-05,0.00035434923483990132809,-0.00026146520394831895828
1.6889999999999975508e-05,0.00081371027044951915741,-0.00085442187264561653137
1.6919999999999976915e-05,0.00091611809330061078072,-0.0010359548032283782959
1.6949999999999978322e-05,0.00091976614203304052353,-0.0010517626069486141205
1.6979999999999979729e-05,0.00089718535309657454491,-0.0010238519171252846718
1.7009999999999981136e-05,0.00071190122980624437332,-0.00087186729069799184799
1.7039999999999982542e-05,0.00014927440497558563948,-0.00030635762959718704224
1.7069999999999983949e-05,-0.00059058686019852757454,0.00052954268176108598709
1.7099999999999985356e-05,-0.00091043557040393352509,0.0009815114317461848259
1.7129999999999986763e-05,-0.00092583172954618930817,0.0010443566134199500084
1.715999999999998817e-05,-0.00093692494556307792664,0.0010595486965030431747
1.7189999999999989577e-05,-0.00091925420565530657768,0.0010623160051181912422
1.7219999999999990983e-05,-0.0009180738707073032856,0.0010614477796480059624
1.724999999999999239e-05,-0.00091921491548418998718,0.0010534822940826416016
1.7279999999999993797e-05,-0.00092697900254279375076,0.0010524040553718805313
1.7309999999999995204e-05,-0.00092720723478123545647,0.0010501658543944358826
1.7339999999999996611e-05,-0.00092944235075265169144,0.001046373625285923481
1.7369999999999998018e-05,-0.00092041154857724905014,0.0010521465446799993515
1.7399999999999999424e-05,-0.0008179723517969250679,0.00097429222660139203072
1.7430000000000000831e-05,-0.00035655536339618265629,0.00052626489195972681046
1.7460000000000002238e-05,0.00033790781162679195404,-0.00023480804520659148693
1.7490000000000003645e-05,0.00074281054548919200897,-0.00077908032108098268509
1.7520000000000005052e-05,0.00054405408445745706558,-0.00068658345844596624374
1.7550000000000006459e-05,-0.00010446453234180808067,-2.4511944502592086792e-05
1.7580000000000007865e-05,-0.00066966237500309944153,0.00066455546766519546509
1.7610000000000009272e-05,-0.00068551447475329041481,0.00080824608448892831802
1.7640000000000010679e-05,-0.00016063996008597314358,0.00030793229234404861927
1.7670000000000012086e-05,0.00052211870206519961357,-0.00046373257646337151527
1.7700000000000013493e-05,0.00077565573155879974365,-0.00085988739738240838051
1.77300000000000149e-05,0.00041052023880183696747,-0.00055881106527522206306
1.7760000000000016306e-05,-0.00033086276380345225334,0.00023047148715704679489
1.7790000000000017713e-05,-0.00083796744002029299736,0.00088067783508449792862
1.782000000000001912e-05,-0.00089705525897443294525,0.0010460845660418272018
1.7850000000000020527e-05,-0.00092069839593023061752,0.0010572155006229877472
1.7880000000000021934e-05,-0.00092434801626950502396,0.0010625657159835100174
1.7910000000000023341e-05,-0.00092110200785100460052,0.0010619995882734656334
1.7940000000000024747e-05,-0.00091711262939497828484,0.0010607809526845812798
1.7970000000000026154e-05,-0.00090992054902017116547,0.0010530754225328564644
1.8000000000000027561e-05,-0.00083818606799468398094,0.00098064856138080358505
1.8030000000000028968e-05,-0.00039544916944578289986,0.00056649243924766778946
1.8060000000000030375e-05,0.00033931111101992428303,-0.00023325317306444048882
1.8090000000000031782e-05,0.00079374358756467700005,-0.00082450825721025466919
1.8120000000000033188e-05,0.00090553588233888149261,-0.0010138408979400992393
1.8150000000000034595e-05,0.00091761484509333968163,-0.0010489099659025669098
1.8180000000000036002e-05,0.00091811188030987977982,-0.0010595591738820075989
1.8210000000000037409e-05,0.0009200730128213763237,-0.001066918717697262764
1.8240000000000038816e-05,0.00092193100135773420334,-0.0010680308332666754723
1.8270000000000040223e-05,0.00092201720690354704857,-0.0010588226141408085823
1.8300000000000041629e-05,0.00092237617354840040207,-0.0010605736169964075089
1.8330000000000043036e-05,0.00091795291518792510033,-0.0010650851763784885406
1.8360000000000044443e-05,0.00091551622608676552773,-0.0010536389891058206558
1.839000000000004585e-05,0.00086810899665579199791,-0.0010181860998272895813
1.8420000000000047257e-05,0.00060477503575384616852,-0.00077600928489118814468
1.8450000000000048664e-05,-4.5042048441246151924e-05,-0.00010583229595795273781
1.848000000000005007e-05,-0.00070231052814051508904,0.00067397946259006857872
1.8510000000000051477e-05,-0.00089921598555520176888,0.001012280583381652832
1.8540000000000052884e-05,-0.00092745467554777860641,0.0010518042836338281631
1.8570000000000054291e-05,-0.00091189384693279862404,0.0010525579564273357391
1.8600000000000055698e-05,-0.00086754461517557501793,0.0010058344341814517975
1.8630000000000057105e-05,-0.00046308213495649397373,0.00063852628227323293686
1.8660000000000058511e-05,0.00032443192321807146072,-0.00019037176389247179031
1.8690000000000059918e-05,0.00077257503289729356766,-0.00080477609299123287201
1.8720000000000061325e-05,0.00061432732036337256432,-0.00075348187237977981567
1.8750000000000062732e-05,-6.1238883063197135925e-05,-7.6115189585834741592e-05
1.8780000000000064139e-05,-0.00066416134359315037727,0.00064742018003016710281
1.8810000000000065546e-05,-0.00087867665570229291916,0.00098326720762997865677
1.8840000000000066952e-05,-0.00091468769824132323265,0.0010563241085037589073
1.8870000000000068359e-05,-0.00091877806698903441429,0.0010587362339720129967
1.8900000000000069766e-05,-0.00092060951283201575279,0.0010550806764513254166
1.8930000000000071173e-05,-0.00092110107652842998505,0.0010570159647613763809
1.896000000000007258e-05,-0.00091577181592583656311,0.001054678112268447876
1.8990000000000073987e-05,-0.00087699067080393433571,0.0010204238351434469223
1.9020000000000075393e-05,-0.00060983165167272090912,0.0007739404682070016861
1.90500000000000768e-05,1.9563827663660049438e-05,0.00012758222874253988266
1.9080000000000078207e-05,0.00063851563027128577232,-0.00061245413962751626968
1.9110000000000079614e-05,0.00072907708818092942238,-0.00084271974628791213036
1.9140000000000081021e-05,0.00023712369147688150406,-0.00040149371488951146603
1.9170000000000082428e-05,-0.00049738050438463687897,0.00040484603960067033768
1.9200000000000083834e-05,-0.00080288556637242436409,0.00087929767323657870293
1.9230000000000085241e-05,-0.00048459309618920087814,0.00065923528745770454407
1.9260000000000086648e-05,0.00027850997867062687874,-0.00013848827802576124668
1.9290000000000088055e-05,0.00083070888649672269821,-0.00086264929268509149551
1.9320000000000089462e-05,0.00090627663303166627884,-0.0010383378248661756516
1.9350000000000090869e-05,0.00093433936126530170441,-0.0010658071842044591904
1.9380000000000092275e-05,0.00091423699632287025452,-0.0010475562885403633118
1.9410000000000093682e-05,0.00079197797458618879318,-0.0009384078439325094223
1.9440000000000095089e-05,0.00024018116528168320656,-0.00040537124732509255409
1.9470000000000096496e-05,-0.0004849587567150592804,0.00041080475784838199615
1.9500000000000097903e-05,-0.00083652773173525929451,0.00089879939332604408264
1.953000000000009931e-05,-0.00090866134269163012505,0.0010363078908994793892
1.9560000000000100716e-05,-0.00091014208737760782242,0.0010543188545852899551
1.9590000000000102123e-05,-0.00088553188834339380264,0.001027848455123603344
1.962000000000010353e-05,-0.00063396274344995617867,0.00079516356345266103745
1.9650000000000104937e-05,-4.5057677198201417923e-06,0.00015811141929589211941
1.9680000000000106344e-05,0.00062758231069892644882,-0.00058551254915073513985
1.9710000000000107751e-05,0.00089004746405407786369,-0.00097789848223328590393
1.9740000000000109157e-05,0.0009221135987900197506,-0.0010471680434420704842
1.9770000000000110564e-05,0.00092550646513700485229,-0.0010528310667723417282
1.9800000000000111971e-05,0.00091834703925997018814,-0.001067888457328081131
1.9830000000000113378e-05,0.0009171625133603811264,-0.0010670004412531852722
1.9860000000000114785e-05,0.0009222395019605755806,-0.0010547786951065063477
1.9890000000000116192e-05,0.00088488461915403604507,-0.0010182426776736974716
1.9920000000000117598e-05,0.00067555421264842152596,-0.00083547946996986865997
1.9950000000000119005e-05,2.4863489670678973198e-05,-0.00019150506705045700073
1.9980000000000120412e-05,-0.00067250896245241165161,0.00064009439665824174881
2.0010000000000121819e-05,-0.00080274458741769194603,0.00090844702208414673805
2.0040000000000123226e-05,-0.00029346992960199713707,0.00045933946967124938965
2.0070000000000124633e-05,0.00048419347149319946766,-0.00040787077159620821476
2.010000000000012604e-05,0.0008034890051931142807,-0.0008768717525526881218
2.0130000000000127446e-05,0.00049392599612474441528,-0.0006639907369390130043
2.0160000000000128853e-05,-0.00023846150725148618221,0.00010271760402247309685
2.019000000000013026e-05,-0.00073136412538588047028,0.00074825657065957784653
2.0220000000000131667e-05,-0.00064300757367163896561,0.00077606359263882040977
2.0250000000000133074e-05,-2.5232555344700813293e-05,0.00016635353676974773407
2.0280000000000134481e-05,0.00060142361326143145561,-0.00057224556803703308105
2.0310000000000135887e-05,0.00073170178802683949471,-0.00082922854926437139511
2.0340000000000137294e-05,0.00026331981644034385681,-0.00041511806193739175797
2.0370000000000138701e-05,-0.00042622096952982246876,0.00033675660961307585239
2.0400000000000140108e-05,-0.00083486177027225494385,0.00088030553888529539108
2.0430000000000141515e-05,-0.00091490097111091017723,0.001042955438606441021
2.0460000000000142922e-05,-0.00091519189300015568733,0.0010490128770470619202
2.0490000000000144328e-05,-0.00088617322035133838654,0.0010196369839832186699
2.0520000000000145735e-05,-0.0006691096932627260685,0.00081526197027415037155
2.0550000000000147142e-05,-5.9340949519537389278e-05,0.0002157635462936013937
2.0580000000000148549e-05,0.00063037395011633634567,-0.00056997250067070126534
2.0610000000000149956e-05,0.00089990464039146900177,-0.00097502832068130373955
2.0640000000000151363e-05,0.00092619587667286396027,-0.0010553447064012289047
2.0670000000000152769e-05,0.00092105229850858449936,-0.0010739112040027976036
2.0700000000000154176e-05,0.00092120625777170062065,-0.0010622154222801327705
2.0730000000000155583e-05,0.00092059810413047671318,-0.001058762427419424057
2.076000000000015699e-05,0.0009136517765000462532,-0.0010645937873050570488
2.0790000000000158397e-05,0.00091627327492460608482,-0.0010726279579102993011
2.0820000000000159804e-05,0.00092319661052897572517,-0.0010598310036584734917
2.085000000000016121e-05,0.00091121986042708158493,-0.0010578690562397241592
2.0880000000000162617e-05,0.00091443833662196993828,-0.0010656099766492843628
2.0910000000000164024e-05,0.00091615045676007866859,-0.0010634635109454393387
2.0940000000000165431e-05,0.00091645150678232312202,-0.0010640205582603812218
2.0970000000000166838e-05,0.00091432902263477444649,-0.0010547653073444962502
2.1000000000000168245e-05,0.00086030538659542798996,-0.0010047446703538298607
2.1030000000000169651e-05,0.00050270085921511054039,-0.00067789317108690738678
2.1060000000000171058e-05,-0.0001760235463734716177,3.4607946872711181641e-05
2.1090000000000172465e-05,-0.00069173861993476748466,0.00068672955967485904694
2.1120000000000173872e-05,-0.00064618373289704322815,0.00077030330430716276169
2.1150000000000175279e-05,-8.365247049368917942e-05,0.00022929828264750540257
2.1180000000000176686e-05,0.00056183646665886044502,-0.0005171011434867978096
2.1210000000000178092e-05,0.00074647879227995872498,-0.0008498027455061674118
2.1240000000000179499e-05,0.00033429183531552553177,-0.00049203797243535518646
2.1270000000000180906e-05,-0.00037880107993260025978,0.00028741848655045032501
2.1300000000000182313e-05,-0.00077427178621292114258,0.00083472707774490118027
2.133000000000018372e-05,-0.0005557195981964468956,0.00070230977144092321396
2.1360000000000185127e-05,0.00015108459047041833401,-1.7720660252962261438e-05
2.1390000000000186533e-05,0.00078924081753939390182,-0.00077515572775155305862
2.142000000000018794e-05,0.00091504526790231466293,-0.0010392162948846817017
2.1450000000000189347e-05,0.00091862276894971728325,-0.0010637851664796471596
2.1480000000000190754e-05,0.00092640338698402047157,-0.0010630151955410838127
2.1510000000000192161e-05,0.0009236991172656416893,-0.0010476415045559406281
2.1540000000000193568e-05,0.00091773353051394224167,-0.0010574046755209565163
2.1570000000000194974e-05,0.00091667787637561559677,-0.0010569225996732711792
2.1600000000000196381e-05,0.00092383497394621372223,-0.0010670206975191831589
2.1630000000000197788e-05,0.00092213921016082167625,-0.001070283236913383007
2.1660000000000199195e-05,0.00092651339946314692497,-0.0010612221667543053627
2.1690000000000200602e-05,0.00093700247816741466522,-0.0010652034543454647064
2.1720000000000202009e-05,0.0009291168535128235817,-0.0010564269032329320908
2.1750000000000203415e-05,0.00092349620535969734192,-0.0010542656527832150459
2.1780000000000204822e-05,0.00092624302487820386887,-0.0010654391953721642494
2.1810000000000206229e-05,0.00091918813996016979218,-0.001066441880539059639
2.1840000000000207636e-05,0.00091570988297462463379,-0.0010635462822392582893
2.1870000000000209043e-05,0.00092201906954869627953,-0.0010650942567735910416
2.190000000000021045e-05,0.00091580080334097146988,-0.0010557275963947176933
2.1930000000000211856e-05,0.00091522559523582458496,-0.001050527673214673996
2.1960000000000213263e-05,0.00093055231263861060143,-0.0010632971534505486488
2.199000000000021467e-05,0.00089190580183640122414,-0.0010356463026255369186
2.2020000000000216077e-05,0.00071565271355211734772,-0.00087066774722188711166
2.2050000000000217484e-05,0.0001579642703291028738,-0.00031625409610569477081
2.2080000000000218891e-05,-0.00059924914967268705368,0.00051899906247854232788
2.2110000000000220297e-05,-0.000895589473657310009,0.00097396736964583396912
2.2140000000000221704e-05,-0.00092017219867557287216,0.001050486462190747261
2.2170000000000223111e-05,-0.00093601411208510398865,0.0010542963864281773567
2.2200000000000224518e-05,-0.00091791094746440649033,0.0010570395970717072487
2.2230000000000225925e-05,-0.00091719406191259622574,0.0010605511488392949104
2.2260000000000227332e-05,-0.00092569598928093910217,0.00105739617720246315
2.2290000000000228738e-05,-0.00092182739172130823135,0.0010597904911264777184
2.2320000000000230145e-05,-0.00092354574007913470268,0.0010496961185708642006
2.2350000000000231552e-05,-0.00092866877093911170959,0.001052663545124232769
2.2380000000000232959e-05,-0.00092246243730187416077,0.0010531244333833456039
2.2410000000000234366e-05,-0.00092651118757203221321,0.0010570881422609090805
2.2440000000000235773e-05,-0.00092331960331648588181,0.0010589227313175797462
2.2470000000000237179e-05,-0.00091520807472988963127,0.0010538473725318908691
2.2500000000000238586e-05,-0.00091371644521132111549,0.0010506988037377595901
2.2530000000000239993e-05,-0.00091764581156894564629,0.0010523120872676372528
2.25600000000002414e-05,-0.0009211318683810532093,0.0010534913744777441025
2.2590000000000242807e-05,-0.00089744868455454707146,0.0010369555093348026276
2.2620000000000244214e-05,-0.00070839346153661608696,0.0008657501894049346447
2.265000000000024562e-05,-0.00016772007802501320839,0.0003178904589731246233
2.2680000000000247027e-05,0.00052706815768033266068,-0.00046174769522622227669
2.2710000000000248434e-05,0.00077371852239593863487,-0.00085545674664899706841
2.2740000000000249841e-05,0.00041243707528337836266,-0.00056804297491908073425
2.2770000000000251248e-05,-0.00032443745294585824013,0.0002186299243476241827
2.2800000000000252655e-05,-0.0008381381048820912838,0.00087623862782493233681
2.2830000000000254061e-05,-0.00091539305867627263069,0.0010418917518109083176
2.2860000000000255468e-05,-0.00092814821982756257057,0.0010651586344465613365
2.2890000000000256875e-05,-0.00092548521934077143669,0.0010723376180976629257
2.2920000000000258282e-05,-0.00091885420260950922966,0.0010601513786241412163
2.2950000000000259689e-05,-0.0009170285775326192379,0.0010696497047320008278
2.2980000000000261096e-05,-0.00092281418619677424431,0.0010571628808975219727
2.3010000000000262502e-05,-0.00092272524489089846611,0.0010555686894804239273
2.3040000000000263909e-05,-0.00092620821669697761536,0.0010566480923444032669
2.3070000000000265316e-05,-0.00092316704103723168373,0.001059237401932477951
2.3100000000000266723e-05,-0.00091945286840200424194,0.0010645973961800336838
2.313000000000026813e-05,-0.00092526461230590939522,0.0010633941274136304855
2.3160000000000269537e-05,-0.00092168769333511590958,0.001058712485246360302
2.3190000000000270943e-05,-0.00089723191922530531883,0.001036631409078836441
2.322000000000027235e-05,-0.00071474036667495965958,0.00087436527246609330177
2.3250000000000273757e-05,-0.00018159567844122648239,0.00033244254882447421551
2.3280000000000275164e-05,0.00048593065002933144569,-0.00043220218503847718239
2.3310000000000276571e-05,0.00085729907732456922531,-0.00092489761300384998322
2.3340000000000277978e-05,0.00092185649555176496506,-0.0010467817774042487144
2.3370000000000279384e-05,0.00091657793382182717323,-0.0010479760821908712387
2.3400000000000280791e-05,0.00087208452168852090836,-0.0010058589978143572807
2.3430000000000282198e-05,0.00062167417490854859352,-0.00077699788380414247513
2.3460000000000283605e-05,-4.7401343181263655424e-05,-0.00011726839875336736441
2.3490000000000285012e-05,-0.0007149098091758787632,0.00067702343221753835678
2.3520000000000286419e-05,-0.00091190362581983208656,0.001014855923131108284
2.3550000000000287825e-05,-0.00091826193965971469879,0.0010546901030465960503
2.3580000000000289232e-05,-0.00091789342695847153664,0.0010656273225322365761
2.3610000000000290639e-05,-0.00092435051919892430305,0.0010488147381693124771
2.3640000000000292046e-05,-0.00092136143939569592476,0.0010622550034895539284
2.3670000000000293453e-05,-0.00092017691349610686302,0.0010632497724145650864
2.370000000000029486e-05,-0.00092889158986508846283,0.0010573933832347393036
2.3730000000000296267e-05,-0.00092172453878447413445,0.0010579935042187571526
2.3760000000000297673e-05,-0.00092628487618640065193,0.0010572797618806362152
2.379000000000029908e-05,-0.00092318723909556865692,0.0010408475063741207123
2.3820000000000300487e-05,-0.00076093518873676657677,0.00090649811318144202232
2.3850000000000301894e-05,-0.00019984517712146043777,0.00036667549284175038338
2.3880000000000303301e-05,0.000476203160360455513,-0.0004041381471324712038
2.3910000000000304708e-05,0.00074808666249737143517,-0.00083657086361199617386
2.3940000000000306114e-05,0.00042101580766029655933,-0.00058165244990959763527
2.3970000000000307521e-05,-0.00025715262745507061481,0.00015110831009224057198
2.4000000000000308928e-05,-0.00072805921081453561783,0.00074982404476031661034
2.4030000000000310335e-05,-0.00059991737361997365952,0.0007400067988783121109
2.4060000000000311742e-05,9.0787361841648817062e-06,0.00013399607269093394279
2.4090000000000313149e-05,0.00063369295094162225723,-0.00060528918402269482613
2.4120000000000314555e-05,0.00073573261033743619919,-0.00083546858513727784157
2.4150000000000315962e-05,0.0002400904922978952527,-0.00040389830246567726135
2.4180000000000317369e-05,-0.00049455382395535707474,0.00040238889050669968128
2.4210000000000318776e-05,-0.00087763613555580377579,0.00094278465257957577705
2.4240000000000320183e-05,-0.00091595400590449571609,0.0010440757032483816147
2.427000000000032159e-05,-0.00093036249745637178421,0.0010554865002632141113
2.4300000000000322996e-05,-0.00092072249390184879303,0.0010606584837660193443
2.4330000000000324403e-05,-0.00092633732128888368607,0.0010586853604763746262
2.436000000000032581e-05,-0.00092071545077487826347,0.0010490418644621968269
2.4390000000000327217e-05,-0.00091584870824590325356,0.0010409002425149083138
2.4420000000000328624e-05,-0.00079141126479953527451,0.00094694620929658412933
2.4450000000000330031e-05,-0.00023522326955571770668,0.00041015160968527197838
2.4480000000000331437e-05,0.00047931424342095851898,-0.00041125822463072836399
2.4510000000000332844e-05,0.00083631440065801143646,-0.00089819496497511863708
2.4540000000000334251e-05,0.00091646239161491394043,-0.0010352258104830980301
2.4570000000000335658e-05,0.00092410214710980653763,-0.0010480448836460709572
2.4600000000000337065e-05,0.00092087307712063193321,-0.0010464926017448306084
2.4630000000000338472e-05,0.00091406120918691158295,-0.0010500660864636301994
2.4660000000000339878e-05,0.0009186396491713821888,-0.0010552185121923685074
2.4690000000000341285e-05,0.00092677201610058546066,-0.001059473142959177494
2.4720000000000342692e-05,0.00092168350238353013992,-0.0010588872246444225311
2.4750000000000344099e-05,0.00091667455853894352913,-0.0010558112990111112595
2.4780000000000345506e-05,0.00091089552734047174454,-0.001053874380886554718
2.4810000000000346913e-05,0.00082770141307264566422,-0.00098847877234220504761
2.4840000000000348319e-05,0.00048906862502917647362,-0.00065558939240872859955
2.4870000000000349726e-05,-0.00021413512877188622952,8.8076216343324631453e-05
2.4900000000000351133e-05,-0.00079344748519361019135,0.00078742491314187645912
2.493000000000035254e-05,-0.00090435420861467719078,0.0010293552186340093613
2.4960000000000353947e-05,-0.00092452077660709619522,0.0010528195416554808617
2.4990000000000355354e-05,-0.00091963377781212329865,0.0010537337511777877808
2.502000000000035676e-05,-0.00082821055548265576363,0.00098601018544286489487
2.5050000000000358167e-05,-0.00029682944295927882195,0.00047683191951364278793
2.5080000000000359574e-05,0.00048579036956652998924,-0.00038350725662894546986
2.5110000000000360981e-05,0.0008075160440057516098,-0.00086759089026600122452
2.5140000000000362388e-05,0.00050437240861356258392,-0.00065022648777812719345
2.5170000000000363795e-05,-0.00022440144675783813,0.00011079601245000958443
2.5200000000000365201e-05,-0.0007473950972780585289,0.00077287532621994614601
2.5230000000000366608e-05,-0.00090057792840525507927,0.0010074737947434186935
2.5260000000000368015e-05,-0.00092859525466337800026,0.0010481277713552117348
2.5290000000000369422e-05,-0.00092071027029305696487,0.0010509681887924671173
2.5320000000000370829e-05,-0.00091034371871501207352,0.0010587568394839763641
2.5350000000000372236e-05,-0.0009175915038213133812,0.0010578931542113423347
2.5380000000000373642e-05,-0.00091004243586212396622,0.0010507358238101005554
2.5410000000000375049e-05,-0.00083661638200283050537,0.00099569407757371664047
2.5440000000000376456e-05,-0.00049078394658863544464,0.00065436161821708083153
2.5470000000000377863e-05,0.00018259864009451121092,-6.2854611314833164215e-05
2.550000000000037927e-05,0.0007116794586181640625,-0.00071743968874216079712
2.5530000000000380677e-05,0.00065654027275741100311,-0.00078973069321364164352
2.5560000000000382083e-05,7.2793176514096558094e-05,-0.00022133621678221970797
2.559000000000038349e-05,-0.00060570752248167991638,0.00056106655392795801163
2.5620000000000384897e-05,-0.00077378394780680537224,0.00088569300714880228043
2.5650000000000386304e-05,-0.00032669637585058808327,0.00049785047303885221481
2.5680000000000387711e-05,0.00043708528392016887665,-0.00034000744926743209362
2.5710000000000389118e-05,0.00086618436034768819809,-0.00092636095359921455383
2.5740000000000390524e-05,0.00090648268815129995346,-0.0010428120149299502373
2.5770000000000391931e-05,0.00091884331777691841125,-0.0010508573614060878754
2.5800000000000393338e-05,0.00089880608720704913139,-0.0010495682945474982262
2.5830000000000394745e-05,0.00071009725797921419144,-0.00087630189955234527588
2.5860000000000396152e-05,5.8667734265327453613e-05,-0.00021915422985330224037
2.5890000000000397559e-05,-0.00060858356300741434097,0.00055870797950774431229
2.5920000000000398965e-05,-0.00087361026089638471603,0.00094935944071039557457
2.5950000000000400372e-05,-0.00092393701197579503059,0.001046018209308385849
2.5980000000000401779e-05,-0.00091725611127912998199,0.0010529329301789402962
2.6010000000000403186e-05,-0.00086359330452978610992,0.0010027640964835882187
2.6040000000000404593e-05,-0.00051053706556558609009,0.00067469989880919456482
2.6070000000000406e-05,0.00016398433945141732693,-3.7576974136754870415e-05
2.6100000000000407406e-05,0.00071594608016312122345,-0.00071882444899529218674
2.6130000000000408813e-05,0.00090094318147748708725,-0.0010101065272465348244
2.616000000000041022e-05,0.00091552129015326499939,-0.0010536035988479852676
2.6190000000000411627e-05,0.00091963569866493344307,-0.0010625758441165089607
2.6220000000000413034e-05,0.00091635924763977527618,-0.0010617841035127639771
2.6250000000000414441e-05,0.00092114129802212119102,-0.001056339009664952755
2.6280000000000415847e-05,0.00092039193259552121162,-0.0010584894334897398949
2.6310000000000417254e-05,0.00086030398961156606674,-0.001008287305012345314
2.6340000000000418661e-05,0.00057121628196910023689,-0.00072951579932123422623
2.6370000000000420068e-05,-0.00013935255992691963911,3.1190065783448517323e-06
2.6400000000000421475e-05,-0.00073619111208245158195,0.00073956564301624894142
2.6430000000000422882e-05,-0.00072850432479754090309,0.0008657866274006664753
2.6460000000000424288e-05,-0.00010063609806820750237,0.00028718466637656092644
2.6490000000000425695e-05,0.00062702887225896120071,-0.00056537461932748556137
2.6520000000000427102e-05,0.0008006072603166103363,-0.0009047745843417942524
2.6550000000000428509e-05,0.00035756590659730136395,-0.00051946606254205107689
2.6580000000000429916e-05,-0.00039042404387146234512,0.00029564381111413240433
2.6610000000000431323e-05,-0.00076818268280476331711,0.00082679220940917730331
2.6640000000000432729e-05,-0.00053643330466002225876,0.00068726105382665991783
2.6670000000000434136e-05,0.00014134630328044295311,-1.71897117979824543e-05
2.6700000000000435543e-05,0.00068857672158628702164,-0.00069026334676891565323
2.673000000000043695e-05,0.0006769542815163731575,-0.00079886702587828040123
2.6760000000000438357e-05,0.00010893904254771769047,-0.0002516127715352922678
2.6790000000000439764e-05,-0.00054716086015105247498,0.00050714594544842839241
2.682000000000044117e-05,-0.00086527119856327772141,0.00094889244064688682556
2.6850000000000442577e-05,-0.00091525528114289045334,0.001049168524332344532
2.6880000000000443984e-05,-0.00091933505609631538391,0.0010535324690863490105
2.6910000000000445391e-05,-0.00086119689512997865677,0.0010038143955171108246
2.6940000000000446798e-05,-0.00055293523473665118217,0.00072005891706794500351
2.6970000000000448205e-05,0.00011078718671342357993,2.9241287847980856895e-05
2.7000000000000449611e-05,0.00072763249045237898827,-0.00071372889215126633644
2.7030000000000451018e-05,0.0009064961923286318779,-0.0010183457052335143089
2.7060000000000452425e-05,0.00091299845371395349503,-0.0010462712962180376053
2.7090000000000453832e-05,0.00092645455151796340942,-0.00105527462437748909
2.7120000000000455239e-05,0.00093049852875992655754,-0.0010599882807582616806
2.7150000000000456646e-05,0.00093061820371076464653,-0.0010576517088338732719
2.7180000000000458052e-05,0.00092165044043213129044,-0.0010557667119428515434
2.7210000000000459459e-05,0.00092014425899833440781,-0.0010577864013612270355
2.7240000000000460866e-05,0.00091771385632455348969,-0.0010624394053593277931
2.7270000000000462273e-05,0.00092114618746563792229,-0.0010590783786028623581
2.730000000000046368e-05,0.00092478719307109713554,-0.0010578696383163332939
2.7330000000000465087e-05,0.00092056283028796315193,-0.0010552640305832028389
2.7360000000000466494e-05,0.0009209084673784673214,-0.001062757452018558979
2.73900000000004679e-05,0.00091261247871443629265,-0.0010524712270125746727
2.7420000000000469307e-05,0.00082385132554918527603,-0.00097206875216215848923
2.7450000000000470714e-05,0.00036548313801176846027,-0.00053877750178799033165
2.7480000000000472121e-05,-0.00033358030486851930618,0.00022398593137040734291
2.7510000000000473528e-05,-0.00074568658601492643356,0.0007809569360688328743
2.7540000000000474935e-05,-0.00055871857330203056335,0.00069976667873561382294
2.7570000000000476341e-05,7.6907803304493427277e-05,5.1948853069916367531e-05
2.7600000000000477748e-05,0.00065366405760869383812,-0.00064458709675818681717
2.7630000000000479155e-05,0.00069545576116070151329,-0.00081911403685808181763
2.7660000000000480562e-05,0.00016999390209093689919,-0.00033228014945052564144
2.7690000000000481969e-05,-0.00052490207599475979805,0.00045225443318486213684
2.7720000000000483376e-05,-0.00077540893107652664185,0.00086405151523649692535
2.7750000000000484782e-05,-0.00040674675256013870239,0.00058599153999239206314
2.7780000000000486189e-05,0.00032907060813158750534,-0.00020291729015298187733
2.7810000000000487596e-05,0.00084220303688198328018,-0.00087056646589189767838
2.7840000000000489003e-05,0.00091678719036281108856,-0.0010391529649496078491
2.787000000000049041e-05,0.00092480157036334276199,-0.00104740937240421772
2.7900000000000491817e-05,0.00092785770539194345474,-0.0010547086130827665329
2.7930000000000493223e-05,0.00092983106151223182678,-0.0010538328206166625023
2.796000000000049463e-05,0.00092262215912342071533,-0.0010672305943444371223
2.7990000000000496037e-05,0.00093217694666236639023,-0.0010624942369759082794
2.8020000000000497444e-05,0.00092020264128223061562,-0.0010605719871819019318
2.8050000000000498851e-05,0.00091774557949975132942,-0.0010640100808814167976
2.8080000000000500258e-05,0.00092202506493777036667,-0.0010637782979756593704
2.8110000000000501664e-05,0.0009187030373141169548,-0.0010635696817189455032
2.8140000000000503071e-05,0.00092006684280931949615,-0.0010642723646014928818
2.8170000000000504478e-05,0.00090939173242077231407,-0.001063652336597442627
2.8200000000000505885e-05,0.00091254932340234518051,-0.00105889106635004282
2.8230000000000507292e-05,0.00092312699416652321815,-0.001056696171872317791
2.8260000000000508699e-05,0.00092184904497116804123,-0.0010521040530875325203
2.8290000000000510105e-05,0.0009228290291503071785,-0.0010514502646401524544
2.8320000000000511512e-05,0.0009244690299965441227,-0.0010545591358095407486
2.8350000000000512919e-05,0.00091691431589424610138,-0.001047316472977399826
2.8380000000000514326e-05,0.00090876885224133729935,-0.00104912568349391222
2.8410000000000515733e-05,0.00086707936134189367294,-0.0010191878536716103554
2.844000000000051714e-05,0.00062900653574615716934,-0.00077520683407783508301
2.8470000000000518546e-05,-2.7463080186862498522e-05,-0.00012822197459172457457
2.8500000000000519953e-05,-0.00069465109845623373985,0.00066172465449199080467
2.853000000000052136e-05,-0.00089211086742579936981,0.0010233445791527628899
2.8560000000000522767e-05,-0.00091936474200338125229,0.0010452030692249536514
2.8590000000000524174e-05,-0.0009075623820535838604,0.0010383625049144029617
2.8620000000000525581e-05,-0.00091556756524369120598,0.0010575973428785800934
2.8650000000000526987e-05,-0.00092685100389644503593,0.0010512750595808029175
2.8680000000000528394e-05,-0.00092391180805861949921,0.0010506684193387627602
2.8710000000000529801e-05,-0.00092189252609387040138,0.0010534271132200956345
2.8740000000000531208e-05,-0.00092529476387426257133,0.0010586575372144579887
2.8770000000000532615e-05,-0.00092388124903663992882,0.0010626546572893857956
2.8800000000000534022e-05,-0.00092489743838086724281,0.0010594838531687855721
2.8830000000000535428e-05,-0.00092152820434421300888,0.0010550055885687470436
2.8860000000000536835e-05,-0.00091308919945731759071,0.0010596872307360172272
2.8890000000000538242e-05,-0.00091822625836357474327,0.0010571270249783992767
2.8920000000000539649e-05,-0.0009140889742411673069,0.0010550671722739934921
2.8950000000000541056e-05,-0.00091378355864435434341,0.0010601207613945007324
2.8980000000000542463e-05,-0.00091748742852360010147,0.0010596952633932232857
2.9010000000000543869e-05,-0.00087389885447919368744,0.0010240704286843538284
2.9040000000000545276e-05,-0.00061846699099987745285,0.00078020192449912428856
2.9070000000000546683e-05,-1.0266114259138703346e-05,0.0001434859295841306448
2.910000000000054809e-05,0.00062876258743926882744,-0.00059947872068732976913
2.9130000000000549497e-05,0.00073984719347208738327,-0.00084145850269123911858
2.9160000000000550904e-05,0.00024387317535001784563,-0.00040544086368754506111
2.919000000000055231e-05,-0.00049544213106855750084,0.00040796431130729615688
2.9220000000000553717e-05,-0.00087297923164442181587,0.00094336032634600996971
2.9250000000000555124e-05,-0.00091110129142180085182,0.0010560400551185011864
2.9280000000000556531e-05,-0.00092319457326084375381,0.0010774723486974835396
2.9310000000000557938e-05,-0.00092136522289365530014,0.001051604514941573143
2.9340000000000559345e-05,-0.00093690230278298258781,0.0010552140884101390839
2.9370000000000560751e-05,-0.00091255240840837359428,0.0010644963476806879044
2.9400000000000562158e-05,-0.00092104048235341906548,0.0010659301187843084335
2.9430000000000563565e-05,-0.00091147713828831911087,0.0010608566226437687874
2.9460000000000564972e-05,-0.00092043098993599414825,0.0010636179940775036812
2.9490000000000566379e-05,-0.00092703202972188591957,0.001058185589499771595
2.9520000000000567786e-05,-0.00091718725161626935005,0.0010533090680837631226
2.9550000000000569192e-05,-0.00092324207071214914322,0.0010592574253678321838
2.9580000000000570599e-05,-0.00092845357721671462059,0.0010561402887105941772
2.9610000000000572006e-05,-0.00090065703261643648148,0.0010306885233148932457
2.9640000000000573413e-05,-0.00063985981978476047516,0.00079952075611799955368
2.967000000000057482e-05,-1.3044802471995353699e-05,0.00016450512339361011982
2.9700000000000576227e-05,0.00061432051006704568863,-0.00058294704649597406387
2.9730000000000577633e-05,0.00087880558567121624947,-0.00097940082196146249771
2.976000000000057904e-05,0.00091605621855705976486,-0.0010533554013818502426
2.9790000000000580447e-05,0.0009160304325632750988,-0.0010552143212407827377
2.9820000000000581854e-05,0.00083387718768790364265,-0.00097846065182238817215
2.9850000000000583261e-05,0.00049510202370584011078,-0.00065565365366637706757
2.9880000000000584668e-05,-0.00021535775158554315567,8.3518214523792266846e-05
2.9910000000000586074e-05,-0.00078478013165295124054,0.00078947801375761628151
2.9940000000000587481e-05,-0.00091495568631216883659,0.0010260576382279396057
2.9970000000000588888e-05,-0.0009242364903911948204,0.0010545072145760059357
