Time,I,Q
0,-0.0006499658338725566864,-0.00082079001003876328468
3.0000000000000003936e-08,-0.00088342314120382070541,-0.0010416459990665316582
6.0000000000000007873e-08,-0.00093155994545668363571,-0.0010680542327463626862
9.0000000000000011809e-08,-0.00096065533580258488655,-0.001041410607285797596
1.2000000000000001575e-07,-0.00096109817968681454659,-0.0010258430847898125648
1.5000000000000001968e-07,-0.00095483957557007670403,-0.001024964149110019207
1.8000000000000002362e-07,-0.00093701964942738413811,-0.0010231168707832694054
2.1000000000000002755e-07,-0.00090781773906201124191,-0.0010054480517283082008
2.4000000000000003149e-07,-0.00066330324625596404076,-0.00068440136965364217758
2.700000000000000619e-07,-3.9516075048595666885e-05,6.3407176639884710312e-05
3.000000000000000923e-07,0.00059046724345535039902,0.00074139621574431657791
3.3000000000000012271e-07,0.00088963325833901762962,0.0010094076860696077347
3.6000000000000015312e-07,0.00095031748060137033463,0.0010436939774081110954
3.9000000000000018352e-07,0.00094900047406554222107,0.0010386630892753601074
4.2000000000000021393e-07,0.00093891005963087081909,0.0010274449596181511879
4.5000000000000024433e-07,0.0009350621257908642292,0.001029689679853618145
4.8000000000000027474e-07,0.00093815254513174295425,0.0010392732219770550728
5.1000000000000030515e-07,0.00094501697458326816559,0.0010421255137771368027
5.4000000000000033555e-07,0.0009501789463683962822,0.0010387775255367159843
5.7000000000000036596e-07,0.0009546937071718275547,0.0010436431039124727249
6.0000000000000039637e-07,0.00093395437579602003098,0.001015979214571416378
6.3000000000000042677e-07,0.00081918790237978100777,0.00086488120723515748978
6.6000000000000045718e-07,0.00034424371551722288132,0.00026873208116739988327
6.9000000000000048758e-07,-0.00043903590994887053967,-0.00060470483731478452682
7.2000000000000051799e-07,-0.0008799136849120259285,-0.00099150359164923429489
7.500000000000005484e-07,-0.00093992933398112654686,-0.001030405750498175621
7.800000000000005788e-07,-0.00094311911379918456078,-0.0010342188179492950439
8.1000000000000060921e-07,-0.00092634599423035979271,-0.00100962852593511343
8.4000000000000063961e-07,-0.00069961638655513525009,-0.00072089873719960451126
8.7000000000000067002e-07,-5.4247037041932344437e-05,4.151917528361082077e-05
9.0000000000000070043e-07,0.00058406835887581110001,0.00072042865213006734848
9.3000000000000073083e-07,0.00073526613414287567139,0.00081186054740101099014
9.6000000000000076124e-07,0.00029077372164465487003,0.00024486181791871786118
9.9000000000000068577e-07,-0.00038671065703965723515,-0.00052073062397539615631
1.0200000000000006103e-06,-0.0008073715725913643837,-0.00094649224774911999702
1.0500000000000005348e-06,-0.00092960178153589367867,-0.0010503593366593122482
1.0800000000000004593e-06,-0.00095372344367206096649,-0.0010527622653171420097
1.1100000000000003839e-06,-0.00095521513139829039574,-0.0010318633867427706718
1.1400000000000003084e-06,-0.00094150879886001348495,-0.001021381583996117115
1.1700000000000002329e-06,-0.00092732475604861974716,-0.0010260320268571376801
1.2000000000000001575e-06,-0.00090715422993525862694,-0.0010209170868620276451
1.230000000000000082e-06,-0.0008004940464161336422,-0.00087652675574645400047
1.2600000000000000065e-06,-0.00037688622251152992249,-0.00030809058807790279388
1.289999999999999931e-06,0.00035014853347092866898,0.00053318863501772284508
1.3199999999999998556e-06,0.00078399857738986611366,0.00091723731020465493202
1.3499999999999997801e-06,0.00059058540500700473785,0.0005738842301070690155
1.3799999999999997046e-06,-0.00012242498632986098528,-0.00030713915475644171238
1.4099999999999996291e-06,-0.00075866153929382562637,-0.00092829141067340970039
1.4399999999999995537e-06,-0.00076395552605390548706,-0.00079833983909338712692
1.4699999999999994782e-06,-0.00013982900418341159821,5.0819362513720989227e-06
1.4999999999999994027e-06,0.00060766201931983232498,0.00079607899533584713936
1.5299999999999993273e-06,0.00092645356198772788048,0.0010172560578212141991
1.5599999999999992518e-06,0.00098154810257256031036,0.0010204392019659280777
1.5899999999999991763e-06,0.00094395270571112632751,0.00099448079708963632584
1.6199999999999991008e-06,0.00085182033944875001907,0.00093197514070197939873
1.6499999999999990254e-06,0.00050780375022441148758,0.00054625666234642267227
1.6799999999999989499e-06,-0.00014727629604749381542,-0.00021199521142989397049
1.7099999999999988744e-06,-0.00067415554076433181763,-0.00080285652074962854385
1.7399999999999987989e-06,-0.00086972641292959451675,-0.0010403016349300742149
1.7699999999999987235e-06,-0.0009249201393686234951,-0.0010954384924843907356
1.799999999999998648e-06,-0.00096337759168818593025,-0.0010582191171124577522
1.8299999999999985725e-06,-0.00085081916768103837967,-0.00083701947005465626717
1.8599999999999984971e-06,-0.0003628261038102209568,-0.00025133893359452486038
1.8899999999999984216e-06,0.00038171085179783403873,0.00051425455603748559952
1.9199999999999985579e-06,0.00087042379891499876976,0.00092583609512075781822
1.9499999999999986941e-06,0.00094173313118517398834,0.00097679567988961935043
1.9799999999999988304e-06,0.00090315163834020495415,0.0010053761070594191551
2.0099999999999989667e-06,0.0008932604687288403511,0.0010514755267649888992
2.039999999999999103e-06,0.0009369539329782128334,0.001089206780306994915
2.0699999999999992393e-06,0.0010082762455567717552,0.0010837162844836711884
2.0999999999999993756e-06,0.0010036645689979195595,0.0010178365046158432961
2.1299999999999995119e-06,0.00088698376202955842018,0.00086027669021859765053
2.1599999999999996481e-06,0.00035022047813981771469,0.00030292297014966607094
2.1899999999999997844e-06,-0.00044986366992816329002,-0.00050025602104142308235
2.2199999999999999207e-06,-0.00080532458378002047539,-0.00083260226529091596603
2.250000000000000057e-06,-0.0005218196893110871315,-0.00052551040425896644592
2.2800000000000001933e-06,0.00018998092855326831341,0.00021872474462725222111
2.3100000000000003296e-06,0.00071154651232063770294,0.00074115622555837035179
2.3400000000000004659e-06,0.00064308423316106200218,0.00068139453651383519173
2.3700000000000006021e-06,6.1163213104009628296e-05,6.2018807511776685715e-05
2.4000000000000007384e-06,-0.00053768587531521916389,-0.00058731326134875416756
2.4300000000000008747e-06,-0.00068999215727671980858,-0.00076713802991434931755
2.460000000000001011e-06,-0.00029346378869377076626,-0.0003364558506291359663
2.4900000000000011473e-06,0.00033490409259684383869,0.00036781694507226347923
2.5200000000000012836e-06,0.00068304740125313401222,0.00077862845500931143761
2.5500000000000014199e-06,0.00048126373440027236938,0.00056913722073659300804
2.5800000000000015561e-06,-0.00010262688738293945789,-0.00011777905456256121397
2.6100000000000016924e-06,-0.0006295011262409389019,-0.00077467469964176416397
2.6400000000000018287e-06,-0.00083300552796572446823,-0.0010482317302376031876
2.670000000000001965e-06,-0.00091886089649051427841,-0.0011175050167366862297
2.7000000000000021013e-06,-0.0010013052960857748985,-0.0010834991699084639549
2.7300000000000022376e-06,-0.00092899671290069818497,-0.00086930068209767341614
2.7600000000000023739e-06,-0.0004461124190129339695,-0.0002906977897509932518
2.7900000000000025101e-06,0.00040871551027521491051,0.00055053911637514829636
2.8200000000000026464e-06,0.00094322202494367957115,0.00093074375763535499573
2.8500000000000027827e-06,0.00097319693304598331451,0.00092466926435008645058
2.880000000000002919e-06,0.00087700661970302462578,0.00097582052694633603096
2.9100000000000030553e-06,0.00084034027531743049622,0.0010692164069041609764
2.9400000000000031916e-06,0.00092449510702863335609,0.0011434121988713741302
2.9700000000000033278e-06,0.001028075232170522213,0.0011152059305459260941
3.0000000000000034641e-06,0.0010520321084186434746,0.0010100102517753839493
3.0300000000000036004e-06,0.00097471137996762990952,0.00094233127310872077942
3.0600000000000037367e-06,0.00087733066175132989883,0.0009757656371220946312
3.090000000000003873e-06,0.00084685144247487187386,0.0010720127029344439507
3.1200000000000040093e-06,0.00091376982163637876511,0.0011426131241023540497
3.1500000000000041456e-06,0.0010177845833823084831,0.0011197346029803156853
3.1800000000000042818e-06,0.0010514897294342517853,0.0010155356721952557564
3.2100000000000044181e-06,0.00096338766161352396011,0.00090730248484760522842
3.2400000000000045544e-06,0.00067085924092680215836,0.00068416539579629898071
3.2700000000000046907e-06,9.2132773716002702713e-05,0.00013742010924033820629
3.300000000000004827e-06,-0.00051319168414920568466,-0.00051434582564979791641
3.3300000000000049633e-06,-0.00067961530294269323349,-0.00075403915252536535263
3.3600000000000050996e-06,-0.00030572235118597745895,-0.00040597739280201494694
3.3900000000000052358e-06,0.00031412899261340498924,0.00029974972130730748177
3.4200000000000053721e-06,0.00067412410862743854523,0.00078650220530107617378
3.4500000000000055084e-06,0.00051309540867805480957,0.00065839418675750494003
3.4800000000000056447e-06,-6.4293548348359763622e-05,-3.2070041925180703402e-05
3.510000000000005781e-06,-0.00060005969135090708733,-0.00072970648761838674545
3.5400000000000059173e-06,-0.00064894877141341567039,-0.00086274422938004136086
3.5700000000000060536e-06,-0.00018179160542786121368,-0.0002755151654127985239
3.6000000000000061898e-06,0.00045250958646647632122,0.00059480208437889814377
3.6300000000000063261e-06,0.0007469048723578453064,0.0010195884387940168381
3.6600000000000064624e-06,0.00090025417739525437355,0.0011540197301656007767
3.6900000000000065987e-06,0.0010445780353620648384,0.0011371053988113999367
3.720000000000006735e-06,0.0010786706116050481796,0.0010129470610991120338
3.7500000000000068713e-06,0.00099305761978030204773,0.0009178593754768371582
3.7800000000000070076e-06,0.00086195877520367503166,0.00094694847939535975456
3.8100000000000071438e-06,0.00081658607814460992813,0.0010692980140447616577
3.8400000000000072801e-06,0.00090455409372225403786,0.0011657519498839974403
3.8700000000000069929e-06,0.0010336283594369888306,0.0011397728230804204941
3.9000000000000067057e-06,0.0010823889169842004776,0.0010160610545426607132
3.9300000000000064184e-06,0.0010003396309912204742,0.00091370148584246635437
3.9600000000000061312e-06,0.00086498900782316923141,0.00093884376110509037971
3.990000000000005844e-06,0.00081553671043366193771,0.0010686498135328292847
4.0200000000000055567e-06,0.00090006488608196377754,0.0011744768125936388969
4.0500000000000052695e-06,0.0010394362034276127815,0.0011601566802710294724
4.0800000000000049823e-06,0.001099945511668920517,0.0010288989869877696037
4.110000000000004695e-06,0.00099847523961216211319,0.0008971953648142516613
4.1400000000000044078e-06,0.00084671785589307546616,0.00091665011132135987282
4.1700000000000041206e-06,0.00079852610360831022263,0.0010634587379172444344
4.2000000000000038333e-06,0.00088534271344542503357,0.0011710862163454294205
4.2300000000000035461e-06,0.00098584743682295084,0.0010767190251499414444
4.2600000000000032589e-06,0.00066814286401495337486,0.00044590368634089827538
4.2900000000000029717e-06,-0.00020261542522348463535,-0.00059670052723959088326
4.3200000000000026844e-06,-0.00091271707788109779358,-0.0010755026014521718025
4.3500000000000023972e-06,-0.001088270917534828186,-0.0010024150833487510681
4.38000000000000211e-06,-0.00098518829327076673508,-0.00089660799130797386169
4.4100000000000018227e-06,-0.00083133584121242165565,-0.00092043826589360833168
4.4400000000000015355e-06,-0.00077771040378138422966,-0.0010685123270377516747
4.4700000000000012483e-06,-0.00088631774997338652611,-0.0011983726872131228447
4.500000000000000961e-06,-0.0010506560793146491051,-0.001169118913821876049
4.5300000000000006738e-06,-0.0011002037208527326584,-0.0010141256498172879219
4.5600000000000003866e-06,-0.0010004618670791387558,-0.0008892305777408182621
4.5900000000000000993e-06,-0.00084528978914022445679,-0.00091651920229196548462
4.6199999999999998121e-06,-0.00078291347017511725426,-0.0010718217818066477776
4.6499999999999995249e-06,-0.0008735499577596783638,-0.0012019446585327386856
4.6799999999999992376e-06,-0.0010340386070311069489,-0.0011810807045549154282
4.7099999999999989504e-06,-0.0011108384933322668076,-0.0010265667224302887917
4.7399999999999986632e-06,-0.0010162808466702699661,-0.00088700302876532077789
4.769999999999998376e-06,-0.00084038806380704045296,-0.00090675841784104704857
4.7999999999999980887e-06,-0.00076312100281938910484,-0.0010528445709496736526
4.8299999999999978015e-06,-0.00078542547998949885368,-0.0010831381659954786301
4.8599999999999975143e-06,-0.00060740509070456027985,-0.00062580889789387583733
4.889999999999997227e-06,2.2694737708661705256e-05,0.00036079582059755921364
4.9199999999999969398e-06,0.00067969289375469088554,0.0010484450031071901321
4.9499999999999966526e-06,0.00080230983439832925797,0.00086724129505455493927
4.9799999999999963653e-06,0.00024732103338465094566,-9.0489120339043438435e-05
5.0099999999999960781e-06,-0.00058340356918051838875,-0.0010147088905796408653
5.0399999999999957909e-06,-0.0010269272606819868088,-0.0011850469745695590973
5.0699999999999955036e-06,-0.0011479952372610569,-0.0010113874450325965881
5.0999999999999952164e-06,-0.0010280762799084186554,-0.00086254917550832033157
5.1299999999999949292e-06,-0.00083467748481780290604,-0.00088607950601726770401
5.159999999999994642e-06,-0.00075330567779019474983,-0.0010581476381048560143
5.1899999999999943547e-06,-0.00086310249753296375275,-0.0012199521297588944435
5.2199999999999940675e-06,-0.0010644054273143410683,-0.0011974241351708769798
5.2499999999999937803e-06,-0.0011438101064413785934,-0.0010179369710385799408
5.279999999999993493e-06,-0.0010293094674125313759,-0.00086433329852297902107
5.3099999999999932058e-06,-0.00083910638932138681412,-0.00088023190619423985481
5.3399999999999929186e-06,-0.00075380800990387797356,-0.0010476766619831323624
5.3699999999999926313e-06,-0.00085855426732450723648,-0.0012082880130037665367
5.3999999999999923441e-06,-0.0010488019324839115143,-0.0011911276960745453835
5.4299999999999920569e-06,-0.0010575932683423161507,-0.00091087911278009414673
5.4599999999999917696e-06,-0.00059076026082038879395,-0.00030151233659125864506
5.4899999999999914824e-06,0.00028902865597046911716,0.00047693305532447993755
5.5199999999999911952e-06,0.00096201786072924733162,0.00087916839402168989182
5.5499999999999909079e-06,0.0010264511220157146454,0.00083112047286704182625
5.5799999999999906207e-06,0.00082376506179571151733,0.00085342838428914546967
5.6099999999999903335e-06,0.00069896882632747292519,0.0010290477657690644264
5.6399999999999900463e-06,0.00071050605038180947304,0.001074315980076789856
5.669999999999989759e-06,0.00047218459076248109341,0.00047778349835425615311
5.6999999999999894718e-06,-0.00020827828848268836737,-0.00061443663435056805611
5.7299999999999891846e-06,-0.0007497821352444589138,-0.0012075488921254873276
5.7599999999999888973e-06,-0.0010631651384755969048,-0.0012323388364166021347
5.7899999999999886101e-06,-0.0011782604269683361053,-0.0010249273618683218956
5.8199999999999883229e-06,-0.0010513885645195841789,-0.00083330861525610089302
5.8499999999999880356e-06,-0.00082501315046101808548,-0.00085462949937209486961
5.8799999999999877484e-06,-0.00071823806501924991608,-0.001055126311257481575
5.9099999999999874612e-06,-0.00085029040928930044174,-0.0012417230755090713501
5.9399999999999871739e-06,-0.0010711874347180128098,-0.0012262740638107061386
5.9699999999999868867e-06,-0.0011687702499330043793,-0.0010389534290879964828
5.9999999999999865995e-06,-0.0010411654366180300713,-0.00084376108134165406227
6.0299999999999863122e-06,-0.00075241166632622480392,-0.00075037655187770724297
6.059999999999986025e-06,-0.00029176194220781326294,-0.00049364648293703794479
6.0899999999999857378e-06,0.00025779119459912180901,7.951754378154873848e-05
6.1199999999999854506e-06,0.00056747690541669726372,0.00061328918673098087311
6.1499999999999851633e-06,0.00043082976480945944786,0.00068493484286591410637
6.1799999999999848761e-06,-1.5625366359017789364e-05,0.00021116697462275624275
6.2099999999999845889e-06,-0.00044363734195940196514,-0.00048425092245452105999
6.2399999999999843016e-06,-0.00052188517292961478233,-0.00081130064791068434715
6.2699999999999840144e-06,-0.00022823421750217676163,-0.0004959811922162771225
6.2999999999999837272e-06,0.00024761317763477563858,0.00030718609923496842384
6.3299999999999834399e-06,0.00053231976926326751709,0.00089367723558098077774
6.3599999999999831527e-06,0.00044758382136933505535,0.00077743304427713155746
6.3899999999999828655e-06,-1.0931727956631220877e-05,-4.7068297135410830379e-05
6.4199999999999825782e-06,-0.00049963383935391902924,-0.00090801861369982361794
6.449999999999982291e-06,-0.00078314350685104727745,-0.0012664222158491611481
6.4799999999999820038e-06,-0.001078123459592461586,-0.0012748504523187875748
6.5099999999999817165e-06,-0.0012158377794548869133,-0.0010289496276527643204
6.5399999999999814293e-06,-0.0010758645366877317429,-0.00081108266022056341171
6.5699999999999811421e-06,-0.00080660171806812286377,-0.00082449498586356639862
6.5999999999999808549e-06,-0.00068657088559120893478,-0.0010423075873404741287
6.6299999999999805676e-06,-0.00076812494080513715744,-0.0011859752703458070755
6.6599999999999802804e-06,-0.00067864614538848400116,-0.00075089756865054368973
6.6899999999999799932e-06,-0.00012518151197582483292,0.00025780411669984459877
6.7199999999999797059e-06,0.0005709131946787238121,0.0010516738984733819962
6.7499999999999794187e-06,0.0010334068210795521736,0.001232890179380774498
6.7799999999999791315e-06,0.0011886862339451909065,0.0010386705398559570313
6.8099999999999788442e-06,0.001080727321095764637,0.00082682888023555278778
6.839999999999978557e-06,0.00083367689512670040131,0.00081830995623022317886
6.8699999999999782698e-06,0.00068934855516999959946,0.0010240267729386687279
6.8999999999999779825e-06,0.00080474239075556397438,0.0012539774179458618164
6.9299999999999776953e-06,0.0010671899653971195221,0.0012802282581105828285
6.9599999999999774081e-06,0.0012092931428924202919,0.0010556331835687160492
6.9899999999999771208e-06,0.0010952926240861415863,0.00081302504986524581909
7.0199999999999768336e-06,0.00080054014688357710838,0.0007457443862222135067
7.0499999999999765464e-06,0.00046360242413356900215,0.00075473118340596556664
7.0799999999999762592e-06,5.7101715356111526489e-08,0.00031749453046359121799
7.1099999999999759719e-06,-0.00045251008123159408569,-0.00046882597962394356728
7.1399999999999756847e-06,-0.00059338996652513742447,-0.00099131930619478225708
7.1699999999999753975e-06,-0.00076752243330702185631,-0.0013042909558862447739
7.1999999999999751102e-06,-0.001081354217603802681,-0.0013083276571705937386
7.229999999999974823e-06,-0.0012107276124879717827,-0.0010024320799857378006
7.2599999999999745358e-06,-0.00075045734411105513573,-0.00033060810528695583344
7.2899999999999742485e-06,0.00024878117255866527557,0.00051075918599963188171
7.3199999999999739613e-06,0.00096868444234132766724,0.00082144723273813724518
7.3499999999999736741e-06,0.00085486203897744417191,0.00048589103971607983112
7.3799999999999733868e-06,7.6454598456621170044e-06,-0.00020362631767056882381
7.4099999999999730996e-06,-0.00082126184133812785149,-0.00067607039818540215492
7.4399999999999728124e-06,-0.0010243745055049657822,-0.00074291322380304336548
7.4699999999999725252e-06,-0.00081081280950456857681,-0.00078321568435057997704
7.4999999999999722379e-06,-0.00066509062889963388443,-0.0010160957463085651398
7.5299999999999719507e-06,-0.00078792806016281247139,-0.0012713918695226311684
7.5599999999999716635e-06,-0.0010601276298984885216,-0.0013065875973552465439
7.5899999999999713762e-06,-0.0012212744913995265961,-0.0010766955092549324036
7.619999999999971089e-06,-0.0010897930478677153587,-0.0007743758615106344223
7.6499999999999708018e-06,-0.00061415834352374076843,-0.00049223500536754727364
7.6799999999999705145e-06,0.00011283419735264033079,-6.869621574878692627e-05
7.7099999999999702273e-06,0.00069756258744746446609,0.00041527001303620636463
7.7399999999999699401e-06,0.00066362705547362565994,0.0005848222062923014164
7.7699999999999696528e-06,9.7421754617244005203e-05,0.00034829281503334641457
7.7999999999999693656e-06,-0.0005338038317859172821,-0.00021428067702800035477
7.8299999999999690784e-06,-0.00067767861764878034592,-0.00061513559194281697273
7.8599999999999687911e-06,-0.00031338515691459178925,-0.00060229405062273144722
7.8899999999999685039e-06,0.00027913355734199285507,-7.0407637394964694977e-05
7.9199999999999682167e-06,0.00058263796381652355194,0.00055534887360408902168
7.9499999999999679295e-06,0.00058557454030960798264,0.000978003721684217453
7.9799999999999676422e-06,0.00075383996590971946716,0.001300049247220158577
8.009999999999967355e-06,0.001064779120497405529,0.0013192117912694811821
8.0399999999999670678e-06,0.001167192007414996624,0.00093765638303011655807
8.0699999999999667805e-06,0.00059191830223426222801,9.7439682576805353165e-05
8.0999999999999664933e-06,-0.00042364664841443300247,-0.00073456292739138007164
8.1299999999999662061e-06,-0.0010895620798692107201,-0.00094797916244715452194
8.1599999999999659188e-06,-0.0011175635736435651779,-0.00078150851186364889145
8.1899999999999656316e-06,-0.00082494353409856557846,-0.00075368239777162671089
8.2199999999999653444e-06,-0.00061053811805322766304,-0.0009617962641641497612
8.2499999999999650571e-06,-0.00053402199409902095795,-0.0010062842629849910736
8.2799999999999647699e-06,-0.00030691694701090455055,-0.00041776336729526519775
8.3099999999999644827e-06,0.00017188065976370126009,0.00057498906971886754036
8.3399999999999641954e-06,0.00065286876633763313293,0.0012336900690570473671
8.3699999999999639082e-06,0.0010392647236585617065,0.0013433886924758553505
8.399999999999963621e-06,0.0012749794404953718185,0.0011052838526666164398
8.4299999999999633338e-06,0.0011561366263777017593,0.00077700178371742367744
8.4599999999999630465e-06,0.00082606129581108689308,0.00071886333171278238297
8.4899999999999627593e-06,0.00059988780412822961807,0.0009797428501769900322
8.5199999999999624721e-06,0.00069310411345213651657,0.0012937317369505763054
8.5499999999999621848e-06,0.00094387971330434083939,0.0011935030343011021614
8.5799999999999618976e-06,0.0006192198488861322403,0.00020411048899404704571
8.6099999999999616104e-06,-0.00029394676676020026207,-0.0009702427196316421032
8.6399999999999613231e-06,-0.00093466200632974505424,-0.0012386923190206289291
8.6699999999999610359e-06,-0.00080787151819095015526,-0.00046106649097055196762
8.6999999999999607487e-06,6.2591861933469772339e-05,0.00070226716343313455582
8.7299999999999604614e-06,0.00088017917005345225334,0.00119355740025639534
8.7599999999999601742e-06,0.00095623574452474713326,0.00067682447843253612518
8.789999999999959887e-06,0.00018126313807442784309,-0.00042024807771667838097
8.8199999999999595997e-06,-0.00074708944885060191154,-0.0010933032026514410973
8.8499999999999593125e-06,-0.0010480661876499652863,-0.00082070135977119207382
8.8799999999999590253e-06,-0.00043509481474757194519,0.00012717605568468570709
8.9099999999999587381e-06,0.00056884385412558913231,0.00091204384807497262955
8.9399999999999584508e-06,0.0010825527133420109749,0.00089870853116735816002
8.9699999999999581636e-06,0.0006631022552028298378,0.00014570180792361497879
8.9999999999999578764e-06,-0.00034611258888617157936,-0.00070181710179895162582
9.0299999999999575891e-06,-0.0011184280738234519958,-0.00098019023425877094269
9.0599999999999573019e-06,-0.0011757059255614876747,-0.00076545082265511155128
9.0899999999999570147e-06,-0.00083735992666333913803,-0.00069473701296374201775
9.1199999999999567274e-06,-0.00056881143245846033096,-0.00092477863654494285583
9.1499999999999564402e-06,-0.00051735132001340389252,-0.0010915064485743641853
9.179999999999956153e-06,-0.00037143906229175627232,-0.00054923933930695056915
9.2099999999999558657e-06,9.2810238129459321499e-05,0.00055673584574833512306
9.2399999999999555785e-06,0.00061046815244480967522,0.0012796662049368023872
9.2699999999999552913e-06,0.0010668567847460508347,0.0014421237865462899208
9.299999999999955004e-06,0.0013510402059182524681,0.0011324969818815588951
9.3299999999999547168e-06,0.0012200573692098259926,0.00074064766522496938705
9.3599999999999544296e-06,0.0008266497170552611351,0.00066217884887009859085
9.3899999999999541424e-06,0.00055811856873333454132,0.00096635060617700219154
9.4199999999999538551e-06,0.00069648685166612267494,0.0013420195318758487701
9.4499999999999535679e-06,0.0010731131769716739655,0.0013975123874843120575
9.4799999999999532807e-06,0.0013156111817806959152,0.001116465078666806221
9.5099999999999529934e-06,0.0011988709447905421257,0.00076141924364492297173
9.5399999999999527062e-06,0.00083175266627222299576,0.00069395068567246198654
9.569999999999952419e-06,0.00058933824766427278519,0.00097105361055582761765
9.5999999999999521317e-06,0.00069681287277489900589,0.0013145263073965907097
9.6299999999999518445e-06,0.0010155714116990566254,0.001344287884421646595
9.6599999999999515573e-06,0.0010052893776446580887,0.00073993630940094590187
9.68999999999995127e-06,0.00028816016856580972672,-0.00034508181852288544178
9.7199999999999509828e-06,-0.0006937169819138944149,-0.0011006159475073218346
9.7499999999999506956e-06,-0.0010905894450843334198,-0.00088004523422569036484
9.7799999999999504083e-06,-0.00054746237583458423615,6.8477180320769548416e-05
9.8099999999999501211e-06,0.00051965634338557720184,0.00094203709159046411514
9.8399999999999498339e-06,0.0011561975115910172462,0.00096869992557913064957
9.8699999999999495467e-06,0.00078890362055972218513,0.00019740316201932728291
9.8999999999999492594e-06,-0.00031116287573240697384,-0.00073758373036980628967
9.9299999999999489722e-06,-0.0011577762197703123093,-0.00098675547633320093155
9.959999999999948685e-06,-0.0010033844737336039543,-0.00040815261309035122395
9.9899999999999483977e-06,5.8096462453249841928e-05,0.00048137581325136125088
1.0019999999999948111e-05,0.0011055140057578682899,0.0009380955016240477562
1.0049999999999947823e-05,0.0012277527712285518646,0.0006980578182265162468
1.0079999999999947536e-05,0.00082973390817642211914,0.00062800879823043942451
1.0109999999999947249e-05,0.00052645907271653413773,0.00093501567607745528221
1.0139999999999946962e-05,0.0006461538141593337059,0.0013364879414439201355
1.0169999999999946674e-05,0.0010463653597980737686,0.0014482907718047499657
1.0199999999999946387e-05,0.0013359966687858104706,0.0011499298270791769028
1.02299999999999461e-05,0.0012434996897354722023,0.00075623753946274518967
1.0259999999999945813e-05,0.00086077890591695904732,0.00064896384719759225845
1.0289999999999945525e-05,0.00056768034119158983231,0.00092401972506195306778
1.0319999999999945238e-05,0.00065251713385805487633,0.0013084899401292204857
1.0349999999999944951e-05,0.0010376635473221540451,0.0014294717693701386452
1.0379999999999944664e-05,0.0013338346034288406372,0.0011695027351379394531
1.0409999999999944376e-05,0.0012465128675103187561,0.00077790854265913367271
1.0439999999999944089e-05,0.00087133568013086915016,0.00064316118368878960609
1.0469999999999943802e-05,0.00056859489995986223221,0.00090713251847773790359
1.0499999999999943515e-05,0.00063416891498491168022,0.001312720240093767643
1.0529999999999943228e-05,0.001022797776386141777,0.0014592513907700777054
1.055999999999994294e-05,0.0013558181235566735268,0.0011819327482953667641
1.0589999999999942653e-05,0.0012836746172979474068,0.0007561978418380022049
1.0619999999999942366e-05,0.00085349008440971374512,0.00057065772125497460365
1.0649999999999942079e-05,0.00038728726212866604328,0.00071864388883113861084
1.0679999999999941791e-05,-6.4572614064672961831e-06,0.00059681333368644118309
1.0709999999999941504e-05,-0.00034236782812513411045,-0.00013236643280833959579
1.0739999999999941217e-05,-0.0004138287622481584549,-0.00083412608364596962929
1.076999999999994093e-05,-0.00059029506519436836243,-0.0013478896580636501312
1.0799999999999940642e-05,-0.0010424737120047211647,-0.0014954557409510016441
1.0829999999999940355e-05,-0.0013737551635131239891,-0.0011854690965265035629
1.0859999999999940068e-05,-0.0012831325875595211983,-0.00074322009459137916565
1.0889999999999939781e-05,-0.00085498183034360408783,-0.00061316724168136715889
1.0919999999999939494e-05,-0.00052582437638193368912,-0.00090554682537913322449
1.0949999999999939206e-05,-0.00061703921528533101082,-0.0013325962936505675316
1.0979999999999938919e-05,-0.0010324514005333185196,-0.001469987211748957634
1.1009999999999938632e-05,-0.0013552454765886068344,-0.0011851537274196743965
1.1039999999999938345e-05,-0.0012710423907265067101,-0.00075655826367437839508
1.1069999999999938057e-05,-0.00086782168364152312279,-0.0006045796908438205719
1.109999999999993777e-05,-0.00054488924797624349594,-0.00088631710968911647797
1.1129999999999937483e-05,-0.00061401817947626113892,-0.0013156292261555790901
1.1159999999999937196e-05,-0.0010106413392350077629,-0.001463734661228954792
1.1189999999999936908e-05,-0.0013534901663661003113,-0.001189030008390545845
1.1219999999999936621e-05,-0.0012795722577720880508,-0.0007313660462386906147
1.1249999999999936334e-05,-0.00074084597872570157051,-0.00040141952922567725182
1.1279999999999936047e-05,7.555356569355353713e-05,-0.0001261761935893446207
1.130999999999993576e-05,0.00074045301880687475204,0.00022097234614193439484
1.1339999999999935472e-05,0.00071870983811095356941,0.00040331136551685631275
1.1369999999999935185e-05,0.00012166667875135317445,0.00037096213782206177711
1.1399999999999934898e-05,-0.0005457217339426279068,3.6985737096983939409e-05
1.1429999999999934611e-05,-0.00070735794724896550179,-0.00039178508450277149677
1.1459999999999934323e-05,-0.00046414689859375357628,-0.0008317243773490190506
1.1489999999999934036e-05,-0.00054454954806715250015,-0.0013513873564079403877
1.1519999999999933749e-05,-0.0010155874770134687424,-0.001518651260994374752
1.1549999999999933462e-05,-0.0013947566039860248566,-0.0012166466331109404564
1.1579999999999933174e-05,-0.0013320278376340866089,-0.00073764752596616744995
1.1609999999999932887e-05,-0.00088609295198693871498,-0.00056533369934186339378
1.16399999999999326e-05,-0.00050518941134214401245,-0.00086588400881737470627
1.1669999999999932313e-05,-0.0005729827098548412323,-0.0013265281450003385544
1.1699999999999932026e-05,-0.0010038603795692324638,-0.0015006525209173560143
1.1729999999999931738e-05,-0.0013720178976655006409,-0.0012172071728855371475
1.1759999999999931451e-05,-0.00131764216348528862,-0.00076109380461275577545
1.1789999999999931164e-05,-0.00089674221817404031754,-0.00057995598763227462769
1.1819999999999930877e-05,-0.00050635810475796461105,-0.00082769343862310051918
1.1849999999999930589e-05,-0.0004181101103313267231,-0.0011219558073207736015
1.1879999999999930302e-05,-0.00040780668496154248714,-0.00078311120159924030304
1.1909999999999930015e-05,-0.00011073960922658443451,0.00026731134857982397079
1.1939999999999929728e-05,0.00041842827340587973595,0.001216572360135614872
1.196999999999992944e-05,0.00097114301752299070358,0.0015176071319729089737
1.1999999999999929153e-05,0.0013931834837421774864,0.0012531128013506531715
1.2029999999999928866e-05,0.0013331264490261673927,0.00070447486359626054764
1.2059999999999928579e-05,0.00068761035799980163574,0.00025948157417587935925
1.2089999999999928292e-05,-0.00031025934731587767601,-0.00014917462249286472797
1.2119999999999928004e-05,-0.0010276309913024306297,-0.00042504753218963742256
1.2149999999999927717e-05,-0.00085636239964514970779,-0.00045674611465074121952
1.217999999999992743e-05,-0.00043870601803064346313,-0.00080885319039225578308
1.2209999999999927143e-05,-0.00050087308045476675034,-0.0013485925737768411636
1.2239999999999926855e-05,-0.00099475705064833164215,-0.0015553719131276011467
1.2269999999999926568e-05,-0.0014245882630348205566,-0.0012457305565476417542
1.2299999999999926281e-05,-0.0013619954697787761688,-0.00072948692832142114639
1.2329999999999925994e-05,-0.0009011511574499309063,-0.00053616357035934925079
1.2359999999999925706e-05,-0.00048749169218353927135,-0.00083047809312120079994
1.2389999999999925419e-05,-0.00054211256792768836021,-0.0013273890363052487373
1.2419999999999925132e-05,-0.00098032457754015922546,-0.0015239552594721317291
1.2449999999999924845e-05,-0.0012679719366133213043,-0.0010962436208501458168
1.2479999999999924558e-05,-0.00078666501212865114212,-5.6414806749671697617e-05
1.250999999999992427e-05,0.00033428147435188293457,0.00092682254035025835037
1.2539999999999923983e-05,0.0011699697934091091156,0.0010598709341138601303
1.2569999999999923696e-05,0.00097880442626774311066,0.00029211305081844329834
1.2599999999999923409e-05,-8.2897953689098358154e-05,-0.00067613960709422826767
1.2629999999999923121e-05,-0.0010971961310133337975,-0.0010234463261440396309
1.2659999999999922834e-05,-0.0011481281835585832596,-0.00048709896509535610676
1.2689999999999922547e-05,-0.0001832470879890024662,0.00040984898805618286133
1.271999999999992226e-05,0.00098194833844900131226,0.00090997252846136689186
1.2749999999999921972e-05,0.0012482643360272049904,0.00058111478574573993683
1.2779999999999921685e-05,0.00042267551179975271225,-0.00015278285718522965908
1.2809999999999921398e-05,-0.00081748759839683771133,-0.00073991657700389623642
1.2839999999999921111e-05,-0.0013419765746220946312,-0.00067095865961164236069
1.2869999999999920824e-05,-0.0009248333517462015152,-0.00043915570131503045559
1.2899999999999920536e-05,-0.00043218670180067420006,-0.00076007627649232745171
1.2929999999999920249e-05,-0.00045966965262778103352,-0.0013342200545594096184
1.2959999999999919962e-05,-0.00096478825435042381287,-0.0016038611065596342087
1.2989999999999919675e-05,-0.0014240241143852472305,-0.0013033687137067317963
1.3019999999999919387e-05,-0.0013924214290454983711,-0.00075112475315108895302
1.30499999999999191e-05,-0.00083231378812342882156,-0.00037656954373233020306
1.3079999999999918813e-05,5.6127959396690130234e-05,-0.00010412474512122571468
1.3109999999999918526e-05,0.00074971531284973025322,0.0001571020402479916811
1.3139999999999918238e-05,0.00077300472185015678406,0.00037741422420367598534
1.3169999999999917951e-05,0.00047161179827526211739,0.0007749284268356859684
1.3199999999999917664e-05,0.00049261661479249596596,0.0013063501100987195969
1.3229999999999917377e-05,0.00094718841137364506721,0.0015590185066685080528
1.325999999999991709e-05,0.0014018435031175613403,0.0013054312439635396004
1.3289999999999916802e-05,0.0014100193511694669724,0.0007875355076976120472
1.3319999999999916515e-05,0.00095480482559651136398,0.0005009072483517229557
1.3349999999999916228e-05,0.00048127915943041443825,0.00074787653284147381783
1.3379999999999915941e-05,0.00046711048344150185585,0.0012982492335140705109
1.3409999999999915653e-05,0.00092376570682972669601,0.00158884457778185606
1.3439999999999915366e-05,0.0013704702723771333694,0.0012758792145177721977
1.3469999999999915079e-05,0.0011583011364564299583,0.00038914356264285743237
1.3499999999999914792e-05,1.8862439901567995548e-05,-0.0007294583483599126339
1.3529999999999914504e-05,-0.0012020112480968236923,-0.0011624515755102038383
1.3559999999999914217e-05,-0.0014748793328180909157,-0.00073355174390599131584
1.358999999999991393e-05,-0.00096163415582850575447,-0.00042053204379044473171
1.3619999999999913643e-05,-0.00041921372758224606514,-0.00070458673872053623199
1.3649999999999913356e-05,-0.00035061669768765568733,-0.0012261208612471818924
1.3679999999999913068e-05,-0.00045119845890440046787,-0.0010029691038653254509
1.3709999999999912781e-05,-0.00022676792286802083254,0.00011514482321217656136
1.3739999999999912494e-05,0.00023713694827165454626,0.001135004567913711071
1.3769999999999912207e-05,0.00059579341905191540718,0.001178230741061270237
1.3799999999999911919e-05,0.00044211169006302952766,0.00014468783047050237656
1.3829999999999911632e-05,-0.00015973727568052709103,-0.0010397564619779586792
1.3859999999999911345e-05,-0.00087724020704627037048,-0.0015548885567113757133
1.3889999999999911058e-05,-0.0014011202147230505943,-0.0013305179309099912643
1.391999999999991077e-05,-0.001434624427929520607,-0.00078466220293194055557
1.3949999999999910483e-05,-0.00098088535014539957047,-0.00048273347783833742142
1.3979999999999910196e-05,-0.00048853299813345074654,-0.00072997121606022119522
1.4009999999999909909e-05,-0.00044391897972673177719,-0.0012831283966079354286
1.4039999999999909622e-05,-0.0008540362468920648098,-0.0015386575832962989807
1.4069999999999909334e-05,-0.0011067768791690468788,-0.00096728227799758315086
1.4099999999999909047e-05,-0.00054692779667675495148,0.00033488811459392309189
1.412999999999990876e-05,0.00057269027456641197205,0.0013494393788278102875
1.4159999999999908473e-05,0.0012462302111089229584,0.0011461271205917000771
1.4189999999999908185e-05,0.00083695806097239255905,-6.1044571339152753353e-05
1.4219999999999907898e-05,-0.00041661362047307193279,-0.0012432229705154895782
1.4249999999999907611e-05,-0.001345971948467195034,-0.0012797637609764933586
1.4279999999999907324e-05,-0.001104483380913734436,-0.00019312393851578235626
1.4309999999999907036e-05,0.00021014478988945484161,0.0010657326783984899521
1.4339999999999906749e-05,0.001330591854639351368,0.0012933911057189106941
1.4369999999999906462e-05,0.0014953785575926303864,0.00074455526191741228104
1.4399999999999906175e-05,0.0009827637113630771637,0.00042562384624034166336
1.4429999999999905888e-05,0.00040726142469793558121,0.00068734888918697834015
1.44599999999999056e-05,0.0002461004769429564476,0.00109179643914103508
1.4489999999999905313e-05,0.00020525418221950531006,0.00076830119360238313675
1.4519999999999905026e-05,3.523510531522333622e-05,-0.00024912861408665776253
1.4549999999999904739e-05,-0.00029778678435832262039,-0.0012030598009005188942
1.4579999999999904451e-05,-0.00086817238479852676392,-0.0016214121133089065552
1.4609999999999904164e-05,-0.0014066947624087333679,-0.0013856659643352031708
1.4639999999999903877e-05,-0.0014338744804263114929,-0.00075499358354136347771
1.466999999999990359e-05,-0.00071035278961062431335,-6.9824105594307184219e-05
1.4699999999999903302e-05,0.0004394263378344476223,0.00042668433161452412605
1.4729999999999903015e-05,0.0011670626699924468994,0.00052765465807169675827
1.4759999999999902728e-05,0.00098795525263994932175,0.00042335424222983419895
1.4789999999999902441e-05,0.00046142228529788553715,0.00066770211560651659966
1.4819999999999902154e-05,0.00036638852907344698906,0.0012666318798437714577
1.4849999999999901866e-05,0.00084499584045261144638,0.0016524689272046089172
1.4879999999999901579e-05,0.0014423766406252980232,0.0014305906370282173157
1.4909999999999901292e-05,0.0015500924782827496529,0.00080420362064614892006
1.4939999999999901005e-05,0.0010147632565349340439,0.00035079818917438387871
1.4969999999999900717e-05,0.0001873056462500244379,0.0003041620948351919651
1.499999999999990043e-05,-0.0005864282720722258091,0.00018310833547729998827
1.5029999999999900143e-05,-0.00075048609869554638863,-0.00011766298848669975996
1.5059999999999899856e-05,-0.00025888741947710514069,-0.00044689807691611349583
1.5089999999999899568e-05,0.00032511819154024124146,-0.0004717597330454736948
1.5119999999999899281e-05,0.00054326670942828059196,-5.2646384574472904205e-05
1.5149999999999898994e-05,0.00027652905555441975594,0.00048278027679771184921
1.5179999999999898707e-05,-9.4898103270679712296e-05,0.00071589479921385645866
1.520999999999989842e-05,-0.00029230295331217348576,0.0002942658611573278904
1.5239999999999898132e-05,-0.00022192830510903149843,-0.00043805310269817709923
1.5269999999999899539e-05,-6.6230990341864526272e-05,-0.0008834662148728966713
1.5299999999999900946e-05,5.4511801863554865122e-05,-0.00055656110635027289391
1.5329999999999902353e-05,0.00010694312368286773562,0.00031004025368019938469
1.535999999999990376e-05,0.00015182422066573053598,0.00099081639200448989868
1.5389999999999905166e-05,0.00017640032456256449223,0.00083302869461476802826
1.5419999999999906573e-05,6.859775749035179615e-05,-0.00012479798169806599617
1.544999999999990798e-05,-0.00024722068337723612785,-0.0011530626798048615456
1.5479999999999909387e-05,-0.00080400187289342284203,-0.0016458772588521242142
1.5509999999999910794e-05,-0.001406912459060549736,-0.0014747995883226394653
1.5539999999999912201e-05,-0.0015184188960120081902,-0.00079878559336066246033
1.5569999999999913607e-05,-0.00083715422078967094421,-7.6143871410749852657e-05
1.5599999999999915014e-05,0.00039263983489945530891,0.00046776107046753168106
1.5629999999999916421e-05,0.001254446106031537056,0.00056908570695668458939
1.5659999999999917828e-05,0.0010593511397019028664,0.00033704211818985641003
1.5689999999999919235e-05,0.00042857424705289304256,0.00056325295008718967438
1.5719999999999920642e-05,0.00025009422097355127335,0.0012610364938154816628
1.5749999999999922048e-05,0.00078554201172664761543,0.0017549346666783094406
1.5779999999999923455e-05,0.0014633915852755308151,0.0015171925770118832588
1.5809999999999924862e-05,0.0016157034551724791527,0.00083303172141313552856
1.5839999999999926269e-05,0.0011070542968809604645,0.00036117885611020028591
1.5869999999999927676e-05,0.00045195373240858316422,0.00057714956346899271011
1.5899999999999929083e-05,0.00030452778446488082409,0.0012476483825594186783
1.5929999999999930489e-05,0.00079214398283511400223,0.0016890866681933403015
1.5959999999999931896e-05,0.0014200597070157527924,0.0014925491996109485626
1.5989999999999933303e-05,0.0015710161533206701279,0.00086029205704107880592
1.601999999999993471e-05,0.0010961317457258701324,0.00040507485391572117805
1.6049999999999936117e-05,0.0004178929375484585762,0.00049380597192794084549
1.6079999999999937524e-05,-9.2186361143831163645e-05,0.00067671638680621981621
1.610999999999993893e-05,-0.00030416404479183256626,0.00036625636857934296131
1.6139999999999940337e-05,-0.00021422647114377468824,-0.00033986990456469357014
1.6169999999999941744e-05,-2.2195621568243950605e-05,-0.00085619866149500012398
1.6199999999999943151e-05,6.7206419771537184715e-05,-0.00066246400820091366768
1.6229999999999944558e-05,8.6363186710514128208e-05,0.00021365593420341610909
1.6259999999999945965e-05,0.00010311709047527983785,0.0010044304654002189636
1.6289999999999947371e-05,0.00017724760982673615217,0.00097163103055208921432
1.6319999999999948778e-05,0.00012274843174964189529,-5.3898111218586564064e-06
1.6349999999999950185e-05,-9.3561786343343555927e-05,-0.0010690750787034630775
1.6379999999999951592e-05,-0.00037591249565593898296,-0.0012721805833280086517
1.6409999999999952999e-05,-0.00036054581869393587112,-0.00024250973365269601345
1.6439999999999954406e-05,9.8056480055674910545e-05,0.0010877412278205156326
1.6469999999999955812e-05,0.00075802556239068508148,0.0016577845672145485878
1.6499999999999957219e-05,0.0013670253101736307144,0.0014636259293183684349
1.6529999999999958626e-05,0.001440191175788640976,0.00090134213678538799286
1.6559999999999960033e-05,0.0010678530670702457428,0.00061752833425998687744
1.658999999999996144e-05,0.00070521270390599966049,0.00078822020441293716431
1.6619999999999962847e-05,0.00068531121360138058662,0.0010809757513925433159
1.6649999999999964254e-05,0.00086842587916180491447,0.001195820048451423645
1.667999999999996566e-05,0.00096965965349227190018,0.0011370282154530286789
1.6709999999999967067e-05,0.00095849903300404548645,0.0011017142096534371376
1.6739999999999968474e-05,0.00098727713339030742645,0.0011517388047650456429
1.6769999999999969881e-05,0.0011202319292351603508,0.0011199177242815494537
1.6799999999999971288e-05,0.0011778721818700432777,0.00090507755521684885025
1.6829999999999972695e-05,0.00096973835024982690811,0.00069947325391694903374
1.6859999999999974101e-05,0.00061609281692653894424,0.00080047745723277330399
1.6889999999999975508e-05,0.0005031021428294479847,0.0012211771681904792786
1.6919999999999976915e-05,0.00085859629325568675995,0.0015693168388679623604
1.6949999999999978322e-05,0.0014010801678523421288,0.0014217181596904993057
1.6979999999999979729e-05,0.0015658248448744416237,0.00083497737068682909012
1.7009999999999981136e-05,0.0011071179760619997978,0.00035267684143036603928
1.7039999999999982542e-05,0.0003811294154729694128,0.00048858864465728402138
1.7069999999999983949e-05,-3.6792805531149497256e-06,0.0010024934308603405952
1.7099999999999985356e-05,-3.2548687158850952983e-05,0.00086549809202551841736
1.7129999999999986763e-05,3.0132046958897262812e-05,-0.00013544951798394322395
1.715999999999998817e-05,-5.8769761380972340703e-05,-0.001257678493857383728
1.7189999999999989577e-05,-0.00072637503035366535187,-0.001875520218163728714
1.7219999999999990983e-05,-0.0015475711552426218987,-0.0016127976123243570328
1.724999999999999239e-05,-0.0017271629767492413521,-0.00080904207425191998482
1.7279999999999993797e-05,-0.0011332674184814095497,-0.00026449651340954005718
1.7309999999999995204e-05,-0.00039464730070903897285,-0.00050908164121210575104
1.7339999999999996611e-05,-0.00023020425578579306602,-0.0012585937511175870895
1.7369999999999998018e-05,-0.00076917943079024553299,-0.0017459563678130507469
1.7399999999999999424e-05,-0.0014471751637756824493,-0.0015295662451535463333
1.7430000000000000831e-05,-0.0015995969297364354134,-0.00084853125736117362976
1.7460000000000002238e-05,-0.001106515876017510891,-0.000385216117138043046
1.7490000000000003645e-05,-0.00047444200026802718639,-0.0005824255058541893959
1.7520000000000005052e-05,-0.00032746739452704787254,-0.0012257409980520606041
1.7550000000000006459e-05,-0.00079102546442300081253,-0.0016689434414729475975
1.7580000000000007865e-05,-0.0014045656425878405571,-0.0014832926681265234947
1.7610000000000009272e-05,-0.0015632385620847344398,-0.00086465699132531881332
1.7640000000000010679e-05,-0.0010772853856906294823,-0.00038789215614087879658
1.7670000000000012086e-05,-0.00028713175561279058456,-0.00031956093152984976768
1.7700000000000013493e-05,0.00041501442319713532925,-0.00027891717036254703999
1.77300000000000149e-05,0.00067289185244590044022,2.6265613996656611562e-05
1.7760000000000016306e-05,0.00032222532900050282478,0.00040883824112825095654
1.7790000000000017713e-05,-0.00020423403475433588028,0.00057441933313384652138
1.782000000000001912e-05,-0.00049623113591223955154,0.00019401853205636143684
1.7850000000000020527e-05,-0.00034707318991422653198,-0.00047666049795225262642
1.7880000000000021934e-05,-0.00025393092073500156403,-0.0012229699641466140747
1.7910000000000023341e-05,-0.00077071553096175193787,-0.00171750667504966259
1.7940000000000024747e-05,-0.0014368270058184862137,-0.0015089469961822032928
1.7970000000000026154e-05,-0.0015841753920540213585,-0.000851128424983471632
1.8000000000000027561e-05,-0.001095450250431895256,-0.00040600451757200062275
1.8030000000000028968e-05,-0.00048353901365771889687,-0.00060007284628227353096
1.8060000000000030375e-05,-0.00034185088588856160641,-0.0012273053871467709541
1.8090000000000031782e-05,-0.0007907769177109003067,-0.0016461715567857027054
1.8120000000000033188e-05,-0.0013872620183974504471,-0.0014627818018198013306
1.8150000000000034595e-05,-0.001536196097731590271,-0.00087343284394592046738
1.8180000000000036002e-05,-0.0010982271051034331322,-0.00045451149344444274902
1.8210000000000037409e-05,-0.00051659275777637958527,-0.00061621348140761256218
1.8240000000000038816e-05,-0.00034341792343184351921,-0.0011715122964233160019
1.8270000000000040223e-05,-0.00057994795497506856918,-0.0013618048978969454765
1.8300000000000041629e-05,-0.00063131266506388783455,-0.00057432975154370069504
1.8330000000000043036e-05,-0.00011307490058243274689,0.00076444895239546895027
1.8360000000000044443e-05,0.00070267880801111459732,0.0015768584562465548515
1.839000000000004585e-05,0.0013761122245341539383,0.0014825684484094381332
1.8420000000000047257e-05,0.0015519730513915419579,0.00088898220565170049667
1.8450000000000048664e-05,0.0010858642635866999626,0.00035837301402352750301
1.848000000000005007e-05,0.00021974374249111860991,0.000178719288669526577
1.8510000000000051477e-05,-0.00065334932878613471985,1.1973759683314710855e-05
1.8540000000000052884e-05,-0.00088802847312763333321,-0.00020854019385296851397
1.8570000000000054291e-05,-0.00046147831017151474953,-0.00053511484293267130852
1.8600000000000055698e-05,-0.00027950911317020654678,-0.0012032495578750967979
1.8630000000000057105e-05,-0.00075882510282099246979,-0.0016788470093160867691
1.8660000000000058511e-05,-0.0014028964797034859657,-0.0015027420595288276672
1.8690000000000059918e-05,-0.0015696935588493943214,-0.00087811640696600079536
1.8720000000000061325e-05,-0.0011214842088520526886,-0.00044186291052028536797
1.8750000000000062732e-05,-0.00051998265553265810013,-0.00060405273688957095146
1.8780000000000064139e-05,-0.00035803401260636746883,-0.0011899545788764953613
1.8810000000000065546e-05,-0.0007805406348779797554,-0.0016068331897258758545
1.8840000000000066952e-05,-0.0013415762223303318024,-0.0014379736967384815216
1.8870000000000068359e-05,-0.0013261713320389389992,-0.00066646916093304753304
1.8900000000000069766e-05,-0.00038634939119219779968,0.00039630933315493166447
1.8930000000000071173e-05,0.00083727436140179634094,0.0010011057602241635323
1.896000000000007258e-05,0.0013096021721139550209,0.00070687662810087203979
1.8990000000000073987e-05,0.0006227046833373606205,-0.00013622449478134512901
1.9020000000000075393e-05,-0.00061604613438248634338,-0.0007828853558748960495
1.90500000000000768e-05,-0.0012857466936111450195,-0.0007188318413682281971
1.9080000000000078207e-05,-0.00080571672879159450531,-8.5864332504570484161e-05
1.9110000000000079614e-05,0.00036947161424905061722,0.00052849901840090751648
1.9140000000000081021e-05,0.0012130105169489979744,0.00064562424086034297943
1.9170000000000082428e-05,0.00094635027926415205002,0.00022450959659181535244
1.9200000000000083834e-05,-0.00013193368795327842236,-0.00028021147591061890125
1.9230000000000085241e-05,-0.0011037245858460664749,-0.00051297171739861369133
1.9260000000000086648e-05,-0.0011001582024618983269,-0.00040096978773362934589
1.9290000000000088055e-05,-0.00050564709817990660667,-0.0005544178420677781105
1.9320000000000089462e-05,-0.00032399076735600829124,-0.0011678880546241998672
1.9350000000000090869e-05,-0.00075903040124103426933,-0.0016426320653408765793
1.9380000000000092275e-05,-0.0013642420526593923569,-0.0014921384863555431366
1.9410000000000093682e-05,-0.0015379874967038631439,-0.00089651724556460976601
1.9440000000000095089e-05,-0.0011140514397993683815,-0.00046516113798134028912
1.9470000000000096496e-05,-0.00040877441642805933952,-0.0004132894973736256361
1.9500000000000097903e-05,0.00029637588886544108391,-0.00030126236379146575928
1.953000000000009931e-05,0.00060633942484855651855,4.9048307118937373161e-05
1.9560000000000100716e-05,0.00045794073957949876785,0.00054135872051119804382
1.9590000000000102123e-05,0.00040285152499563992023,0.0011447540018707513809
1.962000000000010353e-05,0.00077227875590324401855,0.0015629271510988473892
1.9650000000000104937e-05,0.00129988847766071558,0.0014540777774527668953
1.9680000000000106344e-05,0.0014803651720285415649,0.00093929073773324489594
1.9710000000000107751e-05,0.0011282940395176410675,0.00052894972031936049461
1.9740000000000109157e-05,0.00059312378289178013802,0.00061852094950154423714
1.9770000000000110564e-05,0.00040602867375127971172,0.0011284783249720931053
1.9800000000000111971e-05,0.00075267918873578310013,0.0015625832602381706238
1.9830000000000113378e-05,0.0012885679025202989578,0.0014647645875811576843
1.9860000000000114785e-05,0.0014249860541895031929,0.00083992979489266872406
1.9890000000000116192e-05,0.00073779735248535871506,-3.8126279832795262337e-05
1.9920000000000117598e-05,-0.00056318106362596154213,-0.0007911121356301009655
1.9950000000000119005e-05,-0.0013812289107590913773,-0.00082662550266832113266
1.9980000000000120412e-05,-0.0011492696357890963554,-0.00044821217306889593601
2.0010000000000121819e-05,-0.00055908266222104430199,-0.0005678239394910633564
2.0040000000000123226e-05,-0.00033838709350675344467,-0.0011274155694991350174
2.0070000000000124633e-05,-0.00063011888414621353149,-0.0014418706996366381645
2.010000000000012604e-05,-0.00068543199449777603149,-0.00067944638431072235107
2.0130000000000127446e-05,-0.00012120319297537207603,0.00068911840207874774933
2.0160000000000128853e-05,0.00059380853781476616859,0.0014069594908505678177
2.019000000000013026e-05,0.00085802190005779266357,0.00089499872410669922829
2.0220000000000131667e-05,0.0003377450047992169857,-0.00041338958544656634331
2.0250000000000133074e-05,-0.0005438772495836019516,-0.0013576231431216001511
2.0280000000000134481e-05,-0.0012455296237021684647,-0.0014272904954850673676
2.0310000000000135887e-05,-0.0014544253936037421227,-0.00096114038024097681046
2.0340000000000137294e-05,-0.0011262645712122321129,-0.00055821280693635344505
2.0370000000000138701e-05,-0.00061732344329357147217,-0.00063773372676223516464
2.0400000000000140108e-05,-0.00043775638914667069912,-0.0011191500816494226456
2.0430000000000141515e-05,-0.00075316621223464608192,-0.0015105225611478090286
2.0460000000000142922e-05,-0.0011837078491225838661,-0.0013334418181329965591
2.0490000000000144328e-05,-0.0010358542203903198242,-0.00042431941255927085876
2.0520000000000145735e-05,-4.8208923544734716415e-05,0.00076245400123298168182
2.0550000000000147142e-05,0.0010239796247333288193,0.0012500105658546090126
2.0580000000000148549e-05,0.0012182192876935005188,0.00064662314252927899361
2.0610000000000149956e-05,0.00031036531436257064342,-0.00049943156773224473
2.0640000000000151363e-05,-0.00092613260494545102119,-0.0011918914970010519028
2.0670000000000152769e-05,-0.0013472678838297724724,-0.00079997227294370532036
2.0700000000000154176e-05,-0.00057754211593419313431,0.00023645797045901417732
2.0730000000000155583e-05,0.00080113887088373303413,0.0010556082706898450851
2.076000000000015699e-05,0.0014325364027172327042,0.00090359844034537672997
2.0790000000000158397e-05,0.0011589718051254749298,0.00050758395809680223465
2.0820000000000159804e-05,0.00061248079873621463776,0.00060618488350883126259
2.085000000000016121e-05,0.00039275712333619594574,0.0010889088734984397888
2.0880000000000162617e-05,0.00052178499754518270493,0.0012188249966129660606
2.0910000000000164024e-05,0.00039949751226231455803,0.00038848165422677993774
2.0940000000000165431e-05,-7.1110407589003443718e-05,-0.00078254874097183346748
2.0970000000000166838e-05,-0.00068546232068911194801,-0.0014493342023342847824
2.1000000000000168245e-05,-0.0012344161514192819595,-0.0014368061674758791924
2.1030000000000169651e-05,-0.0014216642593964934349,-0.00098114879801869392395
2.1060000000000171058e-05,-0.0010661450214684009552,-0.00049386115279048681259
2.1090000000000172465e-05,-0.00024451041826978325844,-0.0001154892815975472331
2.1120000000000173872e-05,0.00061464053578674793243,0.00020345157827250659466
2.1150000000000175279e-05,0.00092024396872147917747,0.00040509522659704089165
2.1180000000000176686e-05,0.0006475550471805036068,0.00061935686971992254257
2.1210000000000178092e-05,0.00045471373596228659153,0.0010726306354627013206
2.1240000000000179499e-05,0.00073314394103363156319,0.0014849395956844091415
2.1270000000000180906e-05,0.0012268238933756947517,0.0014498133677989244461
2.1300000000000182313e-05,0.0014636084670200943947,0.00099938106723129749298
2.133000000000018372e-05,0.0011656441492959856987,0.0005670667160302400589
2.1360000000000185127e-05,0.0005906780133955180645,0.00054429011652246117592
2.1390000000000186533e-05,6.829934136476367712e-05,0.00063371990108862519264
2.142000000000018794e-05,-0.0003588852414395660162,0.00021943356841802597046
2.1450000000000189347e-05,-0.00043758752872236073017,-0.00044330128002911806107
2.1480000000000190754e-05,-0.00020751518604811280966,-0.00083950895350426435471
2.1510000000000192161e-05,8.7445077951997518539e-05,-0.00049465242773294448853
2.1540000000000193568e-05,0.00028123220545239746571,0.00031410568044520914555
2.1570000000000194974e-05,0.0002840167144313454628,0.00091348600108176469803
2.1600000000000196381e-05,0.00016878335736691951752,0.00074433407280594110489
2.1630000000000197788e-05,-7.0071604568511247635e-05,-0.0001184209831990301609
2.1660000000000199195e-05,-0.00028576544718816876411,-0.00090816570445895195007
2.1690000000000200602e-05,-0.00035497723729349672794,-0.00095694302581250667572
2.1720000000000202009e-05,-0.00015149034152273088694,-0.00014328898396342992783
2.1750000000000203415e-05,0.00021148212545085698366,0.00083064904902130365372
2.1780000000000204822e-05,0.00048664514906704425812,0.0011239188024774193764
2.1810000000000206229e-05,0.00040037964936345815659,0.00042077869875356554985
2.1840000000000207636e-05,-6.8256340455263853073e-05,-0.00070530595257878303528
2.1870000000000209043e-05,-0.00067350442986935377121,-0.0013991082087159156799
2.190000000000021045e-05,-0.0011897094082087278366,-0.001411755918525159359
2.1930000000000211856e-05,-0.00139329500962048769,-0.0010004091309383511543
2.1960000000000213263e-05,-0.0010852623963728547096,-0.00052619288908317685127
2.199000000000021467e-05,-0.00033444273867644369602,-0.00018337529036216437817
2.2020000000000216077e-05,0.00056291819782927632332,0.00017757565365172922611
2.2050000000000217484e-05,0.00094322935910895466805,0.00042900341213680803776
2.2080000000000218891e-05,0.00065270776394754648209,0.00062104815151542425156
2.2110000000000220297e-05,0.00044033743324689567089,0.001066338270902633667
2.2140000000000221704e-05,0.00072677532443776726723,0.0014870235463604331017
2.2170000000000223111e-05,0.0012302426621317863464,0.0014666096540167927742
2.2200000000000224518e-05,0.0014523395802825689316,0.0009952196851372718811
2.2230000000000225925e-05,0.0011545190354809165001,0.00059234531363472342491
2.2260000000000227332e-05,0.00066790450364351272583,0.0006569769466295838356
2.2290000000000228738e-05,0.00048902555136010050774,0.0010886678937822580338
2.2320000000000230145e-05,0.00076160725438967347145,0.0014640958979725837708
2.2350000000000231552e-05,0.0012136109871789813042,0.0014088200405240058899
2.2380000000000232959e-05,0.0014027761062607169151,0.00099561433307826519012
2.2410000000000234366e-05,0.0011466392315924167633,0.00064119009766727685928
2.2440000000000235773e-05,0.0006965462234802544117,0.0006665369146503508091
2.2470000000000237179e-05,0.00040351087227463722229,0.00091926939785480499268
2.2500000000000238586e-05,0.00020994339138269424438,0.00073034071829169988632
2.2530000000000239993e-05,-4.8564696044195443392e-05,-7.2543829446658492088e-05
2.25600000000002414e-05,-0.00029751396505162119865,-0.00086221657693386077881
2.2590000000000242807e-05,-0.00037230082671158015728,-0.00095215812325477600098
2.2620000000000244214e-05,-0.0001720387372188270092,-0.00019735924433916807175
2.265000000000024562e-05,0.00022289584740065038204,0.00080380192957818508148
2.2680000000000247027e-05,0.00050544523401185870171,0.0011423584073781967163
2.2710000000000248434e-05,0.00042884016875177621841,0.00049460970330983400345
2.2740000000000249841e-05,-6.6409891587682068348e-05,-0.00066186208277940750122
2.2770000000000251248e-05,-0.00058304431149736046791,-0.0012647449038922786713
2.2800000000000252655e-05,-0.00068741064751520752907,-0.00079590181121602654457
2.2830000000000254061e-05,-0.00015488927601836621761,0.00047191604971885681152
2.2860000000000255468e-05,0.00061841256683692336082,0.0013997614150866866112
2.2890000000000256875e-05,0.0011976321693509817123,0.001430875738151371479
2.2920000000000258282e-05,0.0014270135434344410896,0.0010338530410081148148
2.2950000000000259689e-05,0.0011563126463443040848,0.00063641194719821214676
2.2980000000000261096e-05,0.00070622557541355490685,0.00065521453507244586945
2.3010000000000262502e-05,0.00052480975864455103874,0.0010600889800116419792
2.3040000000000263909e-05,0.00075028580613434314728,0.0014184974133968353271
2.3070000000000265316e-05,0.0011732227867469191551,0.0013952857116237282753
2.3100000000000266723e-05,0.0013643915299326181412,0.0010188251035287976265
2.313000000000026813e-05,0.0011365402024239301682,0.00067513453541323542595
2.3160000000000269537e-05,0.00073378527304157614708,0.00069845432881265878677
2.3190000000000270943e-05,0.00054503721185028553009,0.0010585332056507468224
2.322000000000027235e-05,0.00075966148870065808296,0.0013950440334156155586
2.3250000000000273757e-05,0.001158787519671022892,0.0013725777389481663704
2.3280000000000275164e-05,0.0013460430782288312912,0.0010208915919065475464
2.3310000000000276571e-05,0.0011454746127128601074,0.00068660802207887172699
2.3340000000000277978e-05,0.000744258868508040905,0.00069693580735474824905
2.3370000000000279384e-05,0.00053794623818248510361,0.0010531513253226876259
2.3400000000000280791e-05,0.00074357329867780208588,0.0013955135364085435867
2.3430000000000282198e-05,0.0011572126531973481178,0.001378316548652946949
2.3460000000000283605e-05,0.0013252283679321408272,0.00096238183323293924332
2.3490000000000285012e-05,0.00084949773736298084259,0.00029049435397610068321
2.3520000000000286419e-05,-0.00022496262681670486927,-0.00050134683260694146156
2.3550000000000287825e-05,-0.0011253164848312735558,-0.00084425747627392411232
2.3580000000000289232e-05,-0.001150454394519329071,-0.0006265558185987174511
2.3610000000000290639e-05,-0.00071495887823402881622,-0.00065214349888265132904
2.3640000000000292046e-05,-0.0005133489612489938736,-0.0010724205058068037033
2.3670000000000293453e-05,-0.00075488933362066745758,-0.0014207123313099145889
2.370000000000029486e-05,-0.0011622421443462371826,-0.0013850061222910881042
2.3730000000000296267e-05,-0.0013451360864564776421,-0.001019831513985991478
2.3760000000000297673e-05,-0.0011462628608569502831,-0.00068967847619205713272
2.379000000000029908e-05,-0.00074792432133108377457,-0.00070978741860017180443
2.3820000000000300487e-05,-0.00054789846763014793396,-0.001047173747792840004
2.3850000000000301894e-05,-0.00075614755041897296906,-0.0013748556375503540039
2.3880000000000303301e-05,-0.0011387201957404613495,-0.001361882663331925869
2.3910000000000304708e-05,-0.0013122267555445432663,-0.0010295010870322585106
2.3940000000000306114e-05,-0.0011222686152905225754,-0.00071349099744111299515
2.3970000000000307521e-05,-0.00075707869837060570717,-0.00071934727020561695099
2.4000000000000308928e-05,-0.00057352439034730195999,-0.0010424484498798847198
2.4030000000000310335e-05,-0.00075064378324896097183,-0.0013642926933243870735
2.4060000000000311742e-05,-0.0010783148463815450668,-0.001306483754888176918
2.4090000000000313149e-05,-0.0010250051273033022881,-0.0006577525637112557888
2.4120000000000314555e-05,-0.00022126385010778903961,0.00040343261207453906536
2.4150000000000315962e-05,0.00080658006481826305389,0.0010909544071182608604
2.4180000000000317369e-05,0.0011477286461740732193,0.00082612445112317800522
2.4210000000000318776e-05,0.00048980431165546178818,-0.00013469062105286866426
2.4240000000000320183e-05,-0.00066839519422501325607,-0.00097948859911412000656
2.427000000000032159e-05,-0.0012918444117531180382,-0.00099762715399265289307
2.4300000000000322996e-05,-0.0011592638911679387093,-0.0006844056188128888607
2.4330000000000324403e-05,-0.00074758345726877450943,-0.00068064365768805146217
2.436000000000032581e-05,-0.00052798644173890352249,-0.0010405144421383738518
2.4390000000000327217e-05,-0.00074961880454793572426,-0.0013901120983064174652
2.4420000000000328624e-05,-0.0011469488963484764099,-0.0013693282380700111389
2.4450000000000330031e-05,-0.0013246423332020640373,-0.0010349559597671031952
2.4480000000000331437e-05,-0.0011318798642605543137,-0.00071592343738302588463
2.4510000000000332844e-05,-0.0007646374870091676712,-0.00072218314744532108307
2.4540000000000334251e-05,-0.00059443968348205089569,-0.001047136262059211731
2.4570000000000335658e-05,-0.00077177031198516488075,-0.0013516671024262905121
2.4600000000000337065e-05,-0.0011222001630812883377,-0.0013531096046790480614
2.4630000000000338472e-05,-0.0012891235528513789177,-0.0010487486142665147781
2.4660000000000339878e-05,-0.0010816832073032855988,-0.00069348816759884357452
2.4690000000000341285e-05,-0.00048932735808193683624,-0.00036363821709528565407
2.4720000000000342692e-05,0.00029534747591242194176,5.9205674915574491024e-05
2.4750000000000344099e-05,0.00078276253771036863327,0.00045279110781848430634
2.4780000000000345506e-05,0.00073391519254073500633,0.00070653145667165517807
2.4810000000000346913e-05,0.00059050729032605886459,0.0010281491558998823166
2.4840000000000348319e-05,0.00074753275839611887932,0.0013356080744415521622
2.4870000000000349726e-05,0.0010348615469411015511,0.0012560121249407529831
2.4900000000000351133e-05,0.00088820105884224176407,0.00052736204816028475761
2.493000000000035254e-05,4.3588370317593216896e-06,-0.00064562360057607293129
2.4960000000000353947e-05,-0.00096681213472038507462,-0.0012579915346577763557
2.4990000000000355354e-05,-0.0013166606659069657326,-0.0010420012986287474632
2.502000000000035676e-05,-0.0011467466829344630241,-0.00071717309765517711639
2.5050000000000358167e-05,-0.00077294226502999663353,-0.00070932041853666305542
2.5080000000000359574e-05,-0.0005696445005014538765,-0.0010362825123593211174
2.5110000000000360981e-05,-0.00075852224836125969887,-0.0013477288885042071342
2.5140000000000362388e-05,-0.0011180483270436525345,-0.0013534957543015480042
2.5170000000000363795e-05,-0.0012952639954164624214,-0.0010459932964295148849
2.5200000000000365201e-05,-0.0011232184479013085365,-0.00075311434920877218246
2.5230000000000366608e-05,-0.00078747677616775035858,-0.00075159035623073577881
2.5260000000000368015e-05,-0.00060262891929596662521,-0.00099914730526506900787
2.5290000000000369422e-05,-0.00051855703350156545639,-0.00095804897136986255646
2.5320000000000370829e-05,-0.00021856781677342951298,-0.00023543240968137979507
2.5350000000000372236e-05,0.00024642061907798051834,0.00069677253486588597298
2.5380000000000373642e-05,0.00056107476120814681053,0.0010602381080389022827
2.5410000000000375049e-05,0.00045199319720268249512,0.00051517214160412549973
2.5440000000000376456e-05,-6.0603051679208874702e-05,-0.00049808807671070098877
2.5470000000000377863e-05,-0.00058249681023880839348,-0.0011044575367122888565
2.550000000000037927e-05,-0.00065998302306979894638,-0.00077694514766335487366
2.5530000000000380677e-05,-0.00016632466576993465424,0.00026434732717461884022
2.5560000000000382083e-05,0.00052062229951843619347,0.0011003587860614061356
2.559000000000038349e-05,0.00082971260417252779007,0.00099185248836874961853
2.5620000000000384897e-05,0.00044022899237461388111,1.9343977328389883041e-05
2.5650000000000386304e-05,-0.00042699254117906093597,-0.0010498929768800735474
2.5680000000000387711e-05,-0.0010691408533602952957,-0.0013285651803016662598
2.5710000000000389118e-05,-0.0012805089354515075684,-0.0010592555627226829529
2.5740000000000390524e-05,-0.0011262918123975396156,-0.00074272474739700555801
2.5770000000000391931e-05,-0.00077821942977607250214,-0.00073713395977392792702
2.5800000000000393338e-05,-0.00061214016750454902649,-0.001042798277921974659
2.5830000000000394745e-05,-0.0007804642082192003727,-0.001328984508290886879
2.5860000000000396152e-05,-0.0010782724712044000626,-0.0012888133060187101364
2.5890000000000397559e-05,-0.001025967765599489212,-0.00073526724008843302727
2.5920000000000398965e-05,-0.00025065272348001599312,0.00028314435621723532677
2.5950000000000400372e-05,0.00072044925764203071594,0.00098476617131382226944
2.5980000000000401779e-05,0.0011868041474372148514,0.0009944887133315205574
2.6010000000000403186e-05,0.0011022228281944990158,0.00077814992982894182205
2.6040000000000404593e-05,0.00080562813673168420792,0.00077512051211670041084
2.6070000000000406e-05,0.00065614073537290096283,0.0010235287481918931007
2.6100000000000407406e-05,0.00079165061470121145248,0.0012842633295804262161
2.6130000000000408813e-05,0.0010795649141073226929,0.0013025092193856835365
2.616000000000041022e-05,0.0012448156485334038734,0.0010547122219577431679
2.6190000000000411627e-05,0.0011186731280758976936,0.00078651768853887915611
2.6220000000000413034e-05,0.0008236443973146378994,0.00076507870107889175415
2.6250000000000414441e-05,0.00063896540086716413498,0.000988629879429936409
2.6280000000000415847e-05,0.00065369508229196071625,0.0011101140407845377922
2.6310000000000417254e-05,0.00051389797590672969818,0.00058306526625528931618
2.6340000000000418661e-05,-5.5309061281150206923e-05,-0.00049877061974257230759
2.6370000000000420068e-05,-0.00066849531140178442001,-0.0012331641046330332756
2.6400000000000421475e-05,-0.0010877067688852548599,-0.0013171571772545576096
2.6430000000000422882e-05,-0.0012603286886587738991,-0.0010570409940555691719
2.6460000000000424288e-05,-0.0010983725078403949738,-0.00073879951378330588341
2.6490000000000425695e-05,-0.00062520930077880620956,-0.00051191425882279872894
2.6520000000000427102e-05,0.00018111616373062133789,-2.2390478989109396935e-05
2.6550000000000428509e-05,0.00074013718403875827789,0.00045582631719298660755
2.6580000000000429916e-05,0.00063951814081519842148,0.00059245876036584377289
2.6610000000000431323e-05,7.6318508945405483246e-05,0.00031156366458162665367
2.6640000000000432729e-05,-0.00050618662498891353607,-0.00024426577147096395493
2.6670000000000434136e-05,-0.00067570275859907269478,-0.00068168959114700555801
2.6700000000000435543e-05,-0.00065494363661855459213,-0.0010159458033740520477
2.673000000000043695e-05,-0.00079730176366865634918,-0.0012675934704020619392
2.6760000000000438357e-05,-0.0010660047410055994987,-0.0012707347050309181213
2.6790000000000439764e-05,-0.00121066998690366745,-0.0010387166403234004974
2.682000000000044117e-05,-0.0010962841333821415901,-0.00081457284977659583092
2.6850000000000442577e-05,-0.00082587450742721557617,-0.00079557695426046848297
2.6880000000000443984e-05,-0.00055831787176430225372,-0.00085010338807478547096
2.6910000000000445391e-05,-0.00023594744561705738306,-0.00054899643873795866966
2.6940000000000446798e-05,0.00020038591173943132162,0.00020949798636138439178
2.6970000000000448205e-05,0.00048804463585838675499,0.00084678013809025287628
2.7000000000000449611e-05,0.00042678354657255113125,0.00080864975461736321449
2.7030000000000451018e-05,4.5530970965046435595e-05,4.6528919483534991741e-05
2.7060000000000452425e-05,-0.00041176847298629581928,-0.00081148988101631402969
2.7090000000000453832e-05,-0.00058220938080921769142,-0.0010200408287346363068
2.7120000000000455239e-05,-0.00031000535818748176098,-0.00034827264607883989811
2.7150000000000456646e-05,0.00028801430016756057739,0.00072686339262872934341
2.7180000000000458052e-05,0.00074786221375688910484,0.0012505040504038333893
2.7210000000000459459e-05,0.0010686679743230342865,0.001283777761273086071
2.7240000000000460866e-05,0.0012139250757172703743,0.0010448959656059741974
2.7270000000000462273e-05,0.0010408594971522688866,0.00076440488919615745544
2.730000000000046368e-05,0.00047317642020061612129,0.00037153891753405332565
2.7330000000000465087e-05,-0.00035260230652056634426,-0.00022793139214627444744
2.7360000000000466494e-05,-0.00082446611486375331879,-0.00060026446590200066566
2.73900000000004679e-05,-0.00078585982555523514748,-0.0007906797691248357296
2.7420000000000469307e-05,-0.00069947360316291451454,-0.0010282079456374049187
2.7450000000000470714e-05,-0.00080969190457835793495,-0.0012313995976001024246
2.7480000000000472121e-05,-0.00093513831961899995804,-0.0010982626117765903473
2.7510000000000473528e-05,-0.00062703026924282312393,-0.00034826894989237189293
2.7540000000000474935e-05,0.00016756498371250927448,0.00063671090174466371536
2.7570000000000476341e-05,0.00089650269364938139915,0.0011304517975077033043
2.7600000000000477748e-05,0.0011664032936096191406,0.001043808995746076107
2.7630000000000479155e-05,0.0010780132142826914787,0.0008383736712858080864
2.7660000000000480562e-05,0.00084178219549357891083,0.00082412472693249583244
2.7690000000000481969e-05,0.00070521177258342504501,0.0010223524877801537514
2.7720000000000483376e-05,0.00080453586997464299202,0.0012448836350813508034
2.7750000000000484782e-05,0.0010482694488018751144,0.0012505757622420787811
2.7780000000000486189e-05,0.001100979512557387352,0.00092980446061119437218
2.7810000000000487596e-05,0.00058857857948169112206,0.00019933548173867166042
2.7840000000000489003e-05,-0.00041961064562201499939,-0.00068287679459899663925
2.787000000000049041e-05,-0.0010670297779142856598,-0.00093481363728642463684
2.7900000000000491817e-05,-0.00079127668868750333786,-0.00042525824392214417458
2.7930000000000493223e-05,0.0001903708907775580883,0.00041182053973898291588
2.796000000000049463e-05,0.00095358851831406354904,0.0008313157595694065094
2.7990000000000496037e-05,0.00087306112982332706451,0.0005760503700003027916
2.8020000000000497444e-05,8.2843995187431573868e-05,-9.9661119747906923294e-05
2.8050000000000498851e-05,-0.00073096307460218667984,-0.00063163565937429666519
2.8080000000000500258e-05,-0.00088254141155630350113,-0.00064285268308594822884
2.8110000000000501664e-05,-0.00030903454171493649483,-0.00017233641119673848152
2.8140000000000503071e-05,0.00050308939535170793533,0.00040895136771723628044
2.8170000000000504478e-05,0.00084359577158465981483,0.00064114882843568921089
2.8200000000000505885e-05,0.0004836306616198271513,0.00039836502401158213615
2.8230000000000507292e-05,-0.00024417685926891863346,-0.00014472693146672099829
2.8260000000000508699e-05,-0.0007474106387235224247,-0.00060194602701812982559
2.8290000000000510105e-05,-0.00079239573096856474876,-0.00082935142563655972481
2.8320000000000511512e-05,-0.00071705755544826388359,-0.0010293460218235850334
2.8350000000000512919e-05,-0.00082251330604776740074,-0.0012082916218787431717
2.8380000000000514326e-05,-0.00094815518241375684738,-0.0010866266675293445587
2.8410000000000515733e-05,-0.0006771137705072760582,-0.0004281660949345678091
2.844000000000051714e-05,0.00013956014299765229225,0.00057445908896625041962
2.8470000000000518546e-05,0.00090608018217608332634,0.0011259771417826414108
2.8500000000000519953e-05,0.0011662751203402876854,0.0010363050969317555428
2.853000000000052136e-05,0.0010678811231628060341,0.0008486283477395772934
2.8560000000000522767e-05,0.00083214975893497467041,0.0008400324149988591671
2.8590000000000524174e-05,0.00071656220825389027596,0.0010493840090930461884
2.8620000000000525581e-05,0.0008324526716023683548,0.001249400898814201355
2.8650000000000526987e-05,0.0010610922472551465034,0.0012371966149657964706
2.8680000000000528394e-05,0.0011726992670446634293,0.0010349550284445285797
2.8710000000000529801e-05,0.0010411150287836790085,0.00084943987894803285599
2.8740000000000531208e-05,0.0008406878332607448101,0.00084933283505961298943
2.8770000000000532615e-05,0.00074442429468035697937,0.0010365657508373260498
2.8800000000000534022e-05,0.00085010111797600984573,0.0012251283042132854462
2.8830000000000535428e-05,0.0010584109695628285408,0.0012148929527029395103
2.8860000000000536835e-05,0.001137135201133787632,0.0010087573900818824768
2.8890000000000538242e-05,0.0008645264897495508194,0.00062717322725802659988
2.8920000000000539649e-05,0.00013905193191021680832,-2.9742659535259008408e-06
2.8950000000000541056e-05,-0.00062879966571927070618,-0.00056881317868828773499
2.8980000000000542463e-05,-0.00084588385652750730515,-0.00066040595993399620056
2.9010000000000543869e-05,-0.00035653286613523960114,-0.00024793445481918752193
2.9040000000000545276e-05,0.00041881029028445482254,0.00034605705877766013145
2.9070000000000546683e-05,0.00082094076788052916527,0.00066321180202066898346
2.910000000000054809e-05,0.00053872732678428292274,0.00047377566806972026825
2.9130000000000549497e-05,-0.0001644222938921302557,-6.8568180722650140524e-05
2.9160000000000550904e-05,-0.00072025088593363761902,-0.00058233947493135929108
2.919000000000055231e-05,-0.00065945880487561225891,-0.00063316355226561427116
2.9220000000000553717e-05,-7.5428804848343133926e-05,-0.00022238580277189612389
2.9250000000000555124e-05,0.00058385357260704040527,0.00044107262510806322098
2.9280000000000556531e-05,0.00077034806599840521812,0.0008096616365946829319
2.9310000000000557938e-05,0.00072739832103252410889,0.0010383197804912924767
2.9340000000000559345e-05,0.00085277785547077655792,0.0012404944282025098801
2.9370000000000560751e-05,0.0010634262580424547195,0.0012083632173016667366
2.9400000000000562158e-05,0.0011412305757403373718,0.0010358078870922327042
2.9430000000000563565e-05,0.0010214402573183178902,0.00086348853074014186859
2.9460000000000564972e-05,0.00083945237565785646439,0.00089029868831858038902
2.9490000000000566379e-05,0.00076436687959358096123,0.0010691864881664514542
2.9520000000000567786e-05,0.00088591687381267547607,0.0012127812951803207397
2.9550000000000569192e-05,0.00106593291275203228,0.0011879825033247470856
2.9580000000000570599e-05,0.0011238474398851394653,0.0010220615658909082413
2.9610000000000572006e-05,0.0010130238952115178108,0.0008799140341579914093
2.9640000000000573413e-05,0.0008391258888877928257,0.00090354401618242263794
2.967000000000057482e-05,0.0007752613164484500885,0.0010623405687510967255
2.9700000000000576227e-05,0.00088172208052128553391,0.0011964410077780485153
2.9730000000000577633e-05,0.0010544126853346824646,0.0011792660225182771683
2.976000000000057904e-05,0.0011288803070783615112,0.0010251913918182253838
2.9790000000000580447e-05,0.0010250188643112778664,0.00088021770352497696877
2.9820000000000581854e-05,0.00084717618301510810852,0.00089315237710252404213
2.9850000000000583261e-05,0.00076623976929113268852,0.0010473420843482017517
2.9880000000000584668e-05,0.00079389137681573629379,0.0011001325910910964012
2.9910000000000586074e-05,0.00063313922146335244179,0.0006604930385947227478
2.9940000000000587481e-05,-4.1169550968334078789e-06,-0.00034154247259721159935
2.9970000000000588888e-05,-0.00070441199932247400284,-0.0010838021989911794662
